Call
HeapAlloc
HeapFree
HeapAlloc
HeapFree
IsBadReadPtr
IsBadWritePtr
IsBadReadPtr
HeapAlloc
HeapFree
HeapAlloc
HeapFree
IsBadReadPtr
IsBadWritePtr
IsBadReadPtr
HeapAlloc
HeapFree
HeapAlloc
HeapFree
IsBadReadPtr
IsBadWritePtr
IsBadReadPtr
HeapAlloc
HeapFree
HeapAlloc
HeapFree
IsBadReadPtr
IsBadWritePtr
IsBadReadPtr
HeapAlloc
HeapFree
HeapAlloc
HeapFree
IsBadReadPtr
IsBadWritePtr
IsBadReadPtr
HeapFree
HeapAlloc
IsBadReadPtr
IsBadWritePtr
IsBadReadPtr
IsBadStringPtrW
IsBadReadPtr
HeapAlloc
HeapFree
HeapAlloc
HeapFree
IsBadReadPtr
IsBadWritePtr
IsBadReadPtr
RegQueryValueExW
HeapAlloc
HeapFree
RegSetValueExW
HeapAlloc
HeapFree
LocalAlloc
HeapAlloc
GetCurrentThread
RegOpenKeyExW
HeapAlloc
HeapFree
GetCurrentThread
RegOpenKeyExW
HeapAlloc
HeapFree
LocalAlloc
RegOpenKeyExW
HeapAlloc
HeapFree
RegQueryValueExW
HeapAlloc
HeapFree
HeapAlloc
RegOpenKeyExW
HeapAlloc
HeapFree
RegOpenKeyExW
HeapAlloc
HeapFree
LocalAlloc
RegOpenKeyExW
HeapAlloc
HeapFree
RegCloseKey
HeapFree
LocalAlloc
GetCurrentThread
LocalAlloc
HeapAlloc
LocalAlloc
HeapAlloc
GetCurrentThread
RegOpenKeyExW
HeapAlloc
HeapFree
GetCurrentThread
RegOpenKeyExW
HeapAlloc
HeapFree
LocalAlloc
RegOpenKeyExW
HeapAlloc
HeapFree
RegQueryValueExW
HeapAlloc
HeapFree
HeapAlloc
RegOpenKeyExW
HeapAlloc
HeapFree
RegOpenKeyExW
HeapAlloc
HeapFree
LocalAlloc
RegOpenKeyExW
HeapAlloc
HeapFree
RegCloseKey
HeapFree
LocalAlloc
GetCurrentThread
RegOpenKeyExW
HeapAlloc
HeapFree
RegOpenKeyExW
HeapAlloc
HeapFree
LocalAlloc
RegOpenKeyExW
HeapAlloc
HeapFree
LocalFree
LocalAlloc
HeapAlloc
LocalAlloc
RegOpenKeyExW
HeapAlloc
HeapFree
LocalFree
HeapFree
LocalFree
LocalAlloc
RegOpenKeyExW
HeapAlloc
HeapFree
RegOpenKeyExW
HeapAlloc
HeapFree
RegCloseKey
LocalFree
RegCloseKey
LocalFree
RegCloseKey
LocalFree
HeapFree
LocalFree
LocalAlloc
GlobalAlloc
LocalAlloc
LocalFree
RegOpenKeyExA
LocalAlloc
RegOpenKeyExW
HeapAlloc
HeapFree
LocalFree
LocalAlloc
HeapAlloc
LocalAlloc
RegOpenKeyExW
HeapAlloc
HeapFree
LocalFree
HeapFree
LocalFree
LocalAlloc
RegOpenKeyExW
HeapAlloc
HeapFree
RegOpenKeyExA
LocalAlloc
RegOpenKeyExW
HeapAlloc
HeapFree
LocalFree
RegOpenKeyExA
LocalFree
LocalAlloc
HeapAlloc
HeapFree
LocalAlloc
LocalFree
LocalAlloc
LocalFree
GetCurrentThread
RegOpenKeyExW
HeapAlloc
HeapFree
RegOpenKeyExW
HeapAlloc
HeapFree
RegEnumKeyW
GetCurrentThreadId
RegOpenKeyExW
HeapAlloc
HeapFree
RegQueryValueExW
HeapAlloc
HeapFree
RegQueryValueW
HeapAlloc
HeapFree
HeapAlloc
HeapFree
RegCloseKey
RegEnumKeyW
GetCurrentThreadId
RegOpenKeyExW
HeapAlloc
HeapFree
RegQueryValueExW
HeapAlloc
HeapFree
RegQueryValueW
HeapAlloc
HeapFree
HeapAlloc
HeapFree
RegCloseKey
RegEnumKeyW
GetCurrentThreadId
RegOpenKeyExW
HeapAlloc
HeapFree
RegQueryValueExW
HeapAlloc
HeapFree
RegQueryValueW
HeapAlloc
HeapFree
HeapAlloc
HeapFree
RegCloseKey
RegEnumKeyW
GetCurrentThreadId
RegOpenKeyExW
HeapAlloc
HeapFree
RegQueryValueExW
HeapAlloc
HeapFree
RegCloseKey
RegEnumKeyW
GetCurrentThreadId
RegCloseKey
RegOpenKeyExW
HeapAlloc
HeapFree
RegEnumKeyW
GetCurrentThreadId
RegOpenKeyExW
HeapAlloc
HeapFree
RegQueryValueExW
HeapAlloc
HeapFree
RegQueryValueW
HeapAlloc
HeapFree
HeapAlloc
HeapFree
RegCloseKey
RegEnumKeyW
GetCurrentThreadId
RegCloseKey
RegOpenKeyExW
HeapAlloc
HeapFree
RegOpenKeyExW
HeapAlloc
HeapFree
RegOpenKeyExW
HeapAlloc
HeapFree
RegOpenKeyExW
HeapAlloc
HeapFree
RegCloseKey
LocalAlloc
RegOpenKeyExA
RegOpenKeyExW
HeapAlloc
HeapFree
RegQueryValueExW
HeapAlloc
HeapFree
RegCloseKey
GlobalLock
GlobalAlloc
GetCurrentThread
HeapAlloc
HeapFree
GlobalReAlloc
GlobalUnlock
GlobalSize
GlobalAlloc
GlobalLock
GlobalUnlock
GlobalFree
RegOpenKeyExA
RegOpenKeyExW
HeapAlloc
HeapFree
RegQueryValueExW
HeapAlloc
HeapFree
RegCloseKey
GlobalSize
GlobalAlloc
GlobalLock
GlobalUnlock
GlobalFree
RegOpenKeyExA
RegOpenKeyExW
HeapAlloc
HeapFree
RegQueryValueExW
HeapAlloc
HeapFree
RegCloseKey
GlobalSize
GlobalAlloc
GlobalLock
GlobalUnlock
GlobalFree
LocalFree
RegOpenKeyExW
HeapAlloc
HeapFree
LocalAlloc
RegOpenKeyExA
RegOpenKeyExW
HeapAlloc
HeapFree
RegQueryValueExW
HeapAlloc
HeapFree
RegCloseKey
RegOpenKeyExW
HeapAlloc
HeapFree
RegQueryValueW
HeapAlloc
HeapFree
RegOpenKeyExW
HeapAlloc
HeapFree
RegEnumKeyW
GetCurrentThreadId
RegEnumKeyW
GetCurrentThreadId
RegOpenKeyExW
HeapAlloc
HeapFree
RegEnumKeyW
GetCurrentThreadId
RegCloseKey
RegQueryValueExW
HeapAlloc
HeapFree
RegQueryValueExW
HeapAlloc
HeapFree
RegQueryValueExW
HeapAlloc
HeapFree
RegQueryValueExW
HeapAlloc
HeapFree
RegQueryValueExW
HeapAlloc
HeapFree
RegQueryValueExW
HeapAlloc
HeapFree
RegQueryValueExW
HeapAlloc
HeapFree
RegQueryValueExW
HeapAlloc
HeapFree
RegQueryValueExW
HeapAlloc
HeapFree
RegQueryValueExW
HeapAlloc
HeapFree
RegQueryValueExW
HeapAlloc
HeapFree
LocalAlloc
RegOpenKeyExA
RegOpenKeyExW
HeapAlloc
HeapFree
RegQueryValueExW
HeapAlloc
HeapFree
RegCloseKey
RegOpenKeyExW
HeapAlloc
HeapFree
RegCloseKey
RegOpenKeyExA
RegOpenKeyExW
HeapAlloc
HeapFree
RegQueryValueExW
HeapAlloc
HeapFree
RegCloseKey
RegOpenKeyExW
HeapAlloc
HeapFree
RegCloseKey
LocalFree
GetCurrentThread
RegOpenKeyExW
HeapAlloc
HeapFree
GlobalLock
HeapAlloc
HeapFree
GetCurrentThread
HeapAlloc
HeapFree
LocalAlloc
LocalFree
IsBadReadPtr
LocalAlloc
RegOpenKeyExA
RegQueryValueExW
HeapAlloc
HeapFree
RegOpenKeyExA
RegQueryValueExW
HeapAlloc
HeapFree
RegCloseKey
LocalFree
LocalAlloc
GetCurrentProcessId
GetFileAttributesW
HeapAlloc
HeapFree
HeapAlloc
HeapFree
LocalAlloc
LocalFree
RegOpenKeyExW
HeapAlloc
HeapFree
RegEnumValueW
RegOpenKeyExW
HeapAlloc
HeapFree
RegQueryValueExW
HeapAlloc
HeapFree
RegQueryValueExW
HeapAlloc
HeapFree
RegCloseKey
RegEnumValueW
RegCloseKey
GetEnvironmentVariableW
HeapAlloc
HeapFree
RegOpenKeyExW
HeapAlloc
HeapFree
RegQueryValueExW
HeapAlloc
HeapFree
RegCloseKey
RegOpenKeyExW
HeapAlloc
HeapFree
RegOpenKeyExW
HeapAlloc
HeapFree
RegOpenKeyExW
HeapAlloc
HeapFree
RegOpenKeyExW
HeapAlloc
HeapFree
RegQueryValueExW
HeapAlloc
HeapFree
RegCloseKey
RegOpenKeyExW
HeapAlloc
HeapFree
RegOpenKeyExW
HeapAlloc
HeapFree
RegQueryValueExW
HeapAlloc
HeapFree
RegCloseKey
RegOpenKeyExW
HeapAlloc
HeapFree
RegQueryValueExW
HeapAlloc
HeapFree
RegCloseKey
RegOpenKeyExW
HeapAlloc
HeapFree
RegQueryValueExW
HeapAlloc
HeapFree
RegCloseKey
RegOpenKeyExW
HeapAlloc
HeapFree
RegQueryValueExW
HeapAlloc
HeapFree
RegCloseKey
RegOpenKeyExW
HeapAlloc
HeapFree
RegQueryValueExW
HeapAlloc
HeapFree
RegCloseKey
RegOpenKeyExW
HeapAlloc
HeapFree
RegQueryValueExW
HeapAlloc
HeapFree
RegCloseKey
RegOpenKeyExW
HeapAlloc
HeapFree
RegQueryValueExW
HeapAlloc
HeapFree
RegCloseKey
RegOpenKeyExW
HeapAlloc
HeapFree
HeapAlloc
LocalAlloc
RegOpenKeyExA
LocalAlloc
RegOpenKeyExA
LocalFree
LocalAlloc
RegOpenKeyExA
HeapAlloc
LocalAlloc
RegOpenKeyExA
LocalFree
HeapFree
HeapAlloc
LocalAlloc
RegOpenKeyExA
LocalFree
GetFullPathNameW
HeapAlloc
HeapFree
GetFullPathNameW
HeapAlloc
HeapFree
GetFileAttributesW
HeapAlloc
HeapFree
HeapAlloc
GetFileAttributesW
HeapAlloc
HeapFree
GetFileAttributesW
HeapAlloc
HeapFree
HeapAlloc
HeapFree
RegCloseKey
LocalFree
RegCloseKey
LocalFree
HeapFree
LocalAlloc
RegOpenKeyExW
HeapAlloc
HeapFree
LocalAlloc
RegOpenKeyExW
HeapAlloc
HeapFree
LocalAlloc
RegOpenKeyExW
HeapAlloc
HeapFree
RegOpenKeyExW
HeapAlloc
HeapFree
RegQueryValueExW
HeapAlloc
HeapFree
RegCloseKey
RegOpenKeyExW
HeapAlloc
HeapFree
RegOpenKeyExW
HeapAlloc
HeapFree
RegQueryValueExW
HeapAlloc
HeapFree
RegCloseKey
HeapAlloc
HeapFree
LocalAlloc
RegOpenKeyExW
HeapAlloc
HeapFree
LocalFree
GetFileAttributesW
HeapAlloc
HeapFree
GetCurrentThread
RegOpenKeyExW
HeapAlloc
HeapFree
RegQueryValueExW
HeapAlloc
HeapFree
RegCloseKey
GetFileAttributesW
HeapAlloc
HeapFree
LoadLibraryExW
HeapAlloc
HeapFree
LocalAlloc
LoadLibraryExW
HeapAlloc
HeapFree
LocalAlloc
LocalFree
LocalAlloc
LocalFree
RegOpenKeyExW
HeapAlloc
HeapFree
RegQueryValueExW
HeapAlloc
HeapFree
RegCloseKey
LocalAlloc
RegOpenKeyExW
HeapAlloc
HeapFree
RegQueryValueExW
HeapAlloc
HeapFree
RegCloseKey
LocalFree
GetCurrentThread
RegOpenKeyExW
HeapAlloc
HeapFree
RegSetValueExW
HeapAlloc
HeapFree
RegCloseKey
HeapAlloc
HeapFree
LocalFree
RegOpenKeyExW
HeapAlloc
HeapFree
RegOpenKeyExW
HeapAlloc
HeapFree
RegOpenKeyExW
HeapAlloc
HeapFree
CreateProcessW
GetLongPathNameW
HeapAlloc
HeapFree
HeapAlloc
HeapFree
HeapAlloc
HeapFree
HeapAlloc
HeapFree
RegQueryValueExW
HeapAlloc
HeapFree
RegSetValueExW
HeapAlloc
HeapFree
RegQueryValueExW
HeapAlloc
HeapFree
RegSetValueExW
HeapAlloc
HeapFree
GetCurrentProcessId
RegCloseKey
LocalFree
RegCloseKey
LocalFree
HeapFree
GlobalUnlock
LocalFree
RegCloseKey
LocalFree
GlobalFree
LocalFree
RegCloseKey
LocalFree
RegCloseKey
LocalFree
RegCloseKey
LocalFree
RegCloseKey
LocalFree
HeapFree
LocalFree
RegCloseKey
HeapFree
LocalFree
HeapAlloc
HeapFree
HeapAlloc
HeapFree
IsBadReadPtr
IsBadWritePtr
IsBadReadPtr
GetCurrentThread
GetThreadPriority
GetCurrentThreadId
SetThreadPriority
OpenProcess
LocalAlloc
HeapAlloc
HeapFree
LocalAlloc
RegOpenKeyExW
HeapAlloc
HeapFree
LocalFree
GetFileAttributesW
HeapAlloc
HeapFree
LocalFree
GetFileAttributesW
HeapAlloc
HeapFree
SearchPathW
HeapAlloc
HeapFree
HeapAlloc
HeapFree
HeapAlloc
HeapFree
CreateFileW
HeapAlloc
HeapFree
ReadFile
GetFileSize
HeapAlloc
HeapFree
HeapAlloc
HeapFree
GetFileAttributesW
HeapAlloc
HeapFree
SearchPathW
HeapAlloc
HeapFree
HeapAlloc
HeapFree
HeapAlloc
HeapFree
CreateFileW
HeapAlloc
HeapFree
ReadFile
GetFileSize
HeapAlloc
HeapFree
HeapAlloc
HeapFree
GetFileAttributesW
HeapAlloc
HeapFree
SearchPathW
HeapAlloc
HeapFree
HeapAlloc
HeapFree
HeapAlloc
HeapFree
CreateFileW
HeapAlloc
HeapFree
ReadFile
GetFileSize
HeapAlloc
HeapFree
HeapAlloc
HeapFree
GetFileAttributesW
HeapAlloc
HeapFree
SearchPathW
HeapAlloc
HeapFree
HeapAlloc
HeapFree
HeapAlloc
HeapFree
CreateFileW
HeapAlloc
HeapFree
ReadFile
GetFileSize
HeapAlloc
HeapFree
HeapAlloc
HeapFree
LocalAlloc
RegOpenKeyExW
HeapAlloc
HeapFree
LocalFree
GetFileAttributesW
HeapAlloc
HeapFree
GetCurrentThread
RegOpenKeyExW
HeapAlloc
HeapFree
RegQueryValueExW
HeapAlloc
HeapFree
RegCloseKey
HeapAlloc
HeapFree
LocalFree
IsBadWritePtr
IsBadStringPtrW
IsBadReadPtr
IsBadWritePtr
IsBadReadPtr
IsBadWritePtr
IsBadReadPtr
IsBadWritePtr
IsBadReadPtr
IsBadWritePtr
IsBadReadPtr
IsBadWritePtr
HeapAlloc
HeapFree
LocalAlloc
IsBadWritePtr
IsBadStringPtrW
IsBadReadPtr
IsBadWritePtr
IsBadStringPtrW
IsBadReadPtr
IsBadWritePtr
IsBadStringPtrW
IsBadReadPtr
IsBadWritePtr
IsBadStringPtrW
IsBadReadPtr
IsBadWritePtr
IsBadReadPtr
IsBadWritePtr
IsBadReadPtr
IsBadWritePtr
IsBadReadPtr
IsBadWritePtr
IsBadReadPtr
IsBadWritePtr
IsBadReadPtr
IsBadWritePtr
LocalAlloc
LocalFree
LocalAlloc
RegOpenKeyExW
HeapAlloc
HeapFree
LocalFree
GetFileAttributesW
HeapAlloc
HeapFree
GetCurrentThread
RegOpenKeyExW
HeapAlloc
HeapFree
RegQueryValueExW
HeapAlloc
HeapFree
RegCloseKey
HeapAlloc
HeapFree
LocalFree
RegCreateKeyExW
HeapAlloc
HeapFree
HeapAlloc
HeapFree
RegSetValueExW
HeapAlloc
HeapFree
RegCloseKey
GetModuleFileNameW
CreateFileA
GetFileType
SetFilePointer
IsBadReadPtr
HeapAlloc
IsBadReadPtr
ReadFile
IsBadReadPtr
SetFilePointer
IsBadReadPtr
HeapFree
IsBadReadPtr
GetModuleFileNameW
IsBadReadPtr
CreateFileA
IsBadReadPtr
GetFileType
IsBadReadPtr
SetFilePointer
IsBadReadPtr
HeapAlloc
IsBadReadPtr
ReadFile
IsBadWritePtr
ReadFile
IsBadReadPtr
IsBadStringPtrW
ReadFile
IsBadReadPtr
SetFilePointer
IsBadReadPtr
HeapFree
IsBadWritePtr
IsBadReadPtr
HeapFree
IsBadStringPtrW
HeapFree
IsBadReadPtr
HeapFree
IsBadReadPtr
HeapFree
IsBadWritePtr
HeapFree
HeapAlloc
HeapSize
IsBadWritePtr
IsBadStringPtrW
IsBadReadPtr
IsBadWritePtr
IsBadStringPtrW
IsBadReadPtr
IsBadWritePtr
IsBadStringPtrW
IsBadReadPtr
IsBadWritePtr
IsBadStringPtrW
IsBadReadPtr
IsBadWritePtr
IsBadReadPtr
IsBadWritePtr
IsBadReadPtr
IsBadWritePtr
IsBadReadPtr
IsBadWritePtr
IsBadReadPtr
IsBadWritePtr
IsBadReadPtr
IsBadWritePtr
HeapSize
IsBadReadPtr
IsBadWritePtr
IsBadReadPtr
IsBadStringPtrW
IsBadReadPtr
IsBadWritePtr
IsBadReadPtr
IsBadStringPtrW
IsBadReadPtr
IsBadWritePtr
IsBadStringPtrW
IsBadReadPtr
IsBadWritePtr
IsBadStringPtrW
IsBadReadPtr
IsBadWritePtr
IsBadStringPtrW
IsBadReadPtr
IsBadWritePtr
IsBadStringPtrW
IsBadReadPtr
IsBadWritePtr
IsBadReadPtr
IsBadWritePtr
IsBadReadPtr
IsBadWritePtr
IsBadReadPtr
IsBadWritePtr
IsBadReadPtr
IsBadWritePtr
IsBadReadPtr
IsBadWritePtr
IsBadReadPtr
HeapSize
IsBadReadPtr
IsBadWritePtr
IsBadReadPtr
IsBadStringPtrW
IsBadReadPtr
IsBadWritePtr
IsBadReadPtr
IsBadStringPtrW
IsBadReadPtr
IsBadWritePtr
LocalAlloc
LocalFree
LocalAlloc
LocalFree
IsBadReadPtr
LocalFree
HeapSize
IsBadReadPtr
IsBadWritePtr
IsBadReadPtr
IsBadStringPtrW
IsBadReadPtr
IsBadWritePtr
IsBadReadPtr
IsBadWritePtr
IsBadReadPtr
IsBadStringPtrW
IsBadReadPtr
HeapSize
IsBadReadPtr
IsBadWritePtr
IsBadStringPtrW
IsBadReadPtr
IsBadWritePtr
IsBadStringPtrW
IsBadReadPtr
IsBadWritePtr
HeapSize
IsBadStringPtrW
IsBadReadPtr
IsBadWritePtr
IsBadStringPtrW
IsBadReadPtr
IsBadWritePtr
IsBadReadPtr
IsBadWritePtr
IsBadReadPtr
IsBadWritePtr
IsBadReadPtr
IsBadWritePtr
IsBadReadPtr
IsBadWritePtr
IsBadReadPtr
IsBadWritePtr
IsBadReadPtr
IsBadWritePtr
IsBadReadPtr
IsBadStringPtrW
IsBadReadPtr
IsBadWritePtr
IsBadReadPtr
IsBadStringPtrW
IsBadReadPtr
IsBadWritePtr
HeapSize
IsBadWritePtr
IsBadStringPtrW
IsBadReadPtr
IsBadWritePtr
IsBadStringPtrW
IsBadReadPtr
IsBadWritePtr
IsBadStringPtrW
IsBadReadPtr
IsBadWritePtr
IsBadStringPtrW
IsBadReadPtr
IsBadWritePtr
IsBadReadPtr
IsBadWritePtr
IsBadReadPtr
IsBadWritePtr
IsBadReadPtr
IsBadWritePtr
IsBadReadPtr
IsBadWritePtr
IsBadReadPtr
IsBadWritePtr
HeapSize
IsBadReadPtr
IsBadWritePtr
IsBadReadPtr
IsBadStringPtrW
IsBadReadPtr
IsBadWritePtr
IsBadReadPtr
IsBadStringPtrW
IsBadReadPtr
IsBadWritePtr
HeapSize
IsBadWritePtr
IsBadStringPtrW
IsBadReadPtr
IsBadWritePtr
IsBadStringPtrW
IsBadReadPtr
IsBadWritePtr
IsBadStringPtrW
IsBadReadPtr
IsBadWritePtr
IsBadStringPtrW
IsBadReadPtr
IsBadWritePtr
IsBadReadPtr
IsBadWritePtr
IsBadReadPtr
HeapSize
IsBadWritePtr
IsBadReadPtr
IsBadWritePtr
IsBadReadPtr
IsBadWritePtr
IsBadReadPtr
IsBadWritePtr
IsBadReadPtr
IsBadWritePtr
IsBadReadPtr
IsBadStringPtrW
IsBadReadPtr
IsBadWritePtr
IsBadReadPtr
IsBadStringPtrW
IsBadReadPtr
IsBadWritePtr
HeapSize
IsBadWritePtr
IsBadStringPtrW
IsBadReadPtr
IsBadWritePtr
IsBadStringPtrW
IsBadReadPtr
IsBadWritePtr
IsBadStringPtrW
IsBadReadPtr
IsBadWritePtr
IsBadStringPtrW
IsBadReadPtr
IsBadWritePtr
HeapSize
IsBadReadPtr
IsBadWritePtr
IsBadReadPtr
IsBadWritePtr
IsBadReadPtr
IsBadWritePtr
IsBadReadPtr
IsBadWritePtr
IsBadReadPtr
IsBadWritePtr
IsBadReadPtr
IsBadWritePtr
IsBadReadPtr
IsBadStringPtrW
IsBadReadPtr
IsBadWritePtr
IsBadReadPtr
IsBadStringPtrW
IsBadReadPtr
IsBadWritePtr
HeapSize
IsBadWritePtr
HeapAlloc
IsBadStringPtrW
IsBadReadPtr
HeapFree
IsBadWritePtr
HeapAlloc
HeapSize
HeapFree
IsBadReadPtr
IsBadWritePtr
IsBadReadPtr
IsBadStringPtrW
IsBadReadPtr
IsBadWritePtr
IsBadStringPtrW
IsBadReadPtr
IsBadWritePtr
IsBadStringPtrW
IsBadReadPtr
IsBadWritePtr
IsBadReadPtr
IsBadWritePtr
IsBadReadPtr
IsBadWritePtr
IsBadReadPtr
HeapSize
IsBadWritePtr
IsBadReadPtr
IsBadWritePtr
IsBadReadPtr
IsBadWritePtr
IsBadReadPtr
IsBadWritePtr
IsBadReadPtr
IsBadStringPtrW
IsBadReadPtr
IsBadWritePtr
IsBadReadPtr
IsBadStringPtrW
IsBadReadPtr
IsBadWritePtr
HeapSize
IsBadWritePtr
IsBadStringPtrW
IsBadReadPtr
IsBadWritePtr
IsBadStringPtrW
IsBadReadPtr
IsBadWritePtr
IsBadStringPtrW
IsBadReadPtr
IsBadWritePtr
IsBadStringPtrW
IsBadReadPtr
IsBadWritePtr
IsBadReadPtr
IsBadWritePtr
IsBadReadPtr
HeapSize
IsBadWritePtr
IsBadReadPtr
IsBadWritePtr
IsBadReadPtr
IsBadWritePtr
IsBadReadPtr
IsBadWritePtr
IsBadReadPtr
IsBadWritePtr
IsBadReadPtr
IsBadStringPtrW
IsBadReadPtr
IsBadWritePtr
IsBadReadPtr
IsBadStringPtrW
IsBadReadPtr
IsBadWritePtr
HeapSize
IsBadWritePtr
IsBadStringPtrW
IsBadReadPtr
IsBadWritePtr
IsBadStringPtrW
IsBadReadPtr
IsBadWritePtr
IsBadStringPtrW
IsBadReadPtr
IsBadWritePtr
IsBadStringPtrW
IsBadReadPtr
IsBadWritePtr
IsBadReadPtr
IsBadWritePtr
IsBadReadPtr
IsBadWritePtr
IsBadReadPtr
IsBadWritePtr
IsBadReadPtr
HeapSize
IsBadWritePtr
IsBadReadPtr
IsBadWritePtr
IsBadReadPtr
IsBadWritePtr
IsBadReadPtr
IsBadStringPtrW
IsBadReadPtr
IsBadWritePtr
IsBadReadPtr
IsBadStringPtrW
IsBadReadPtr
IsBadWritePtr
HeapSize
IsBadWritePtr
IsBadStringPtrW
IsBadReadPtr
IsBadWritePtr
IsBadStringPtrW
IsBadReadPtr
IsBadWritePtr
IsBadStringPtrW
IsBadReadPtr
IsBadWritePtr
IsBadStringPtrW
IsBadReadPtr
IsBadWritePtr
IsBadReadPtr
HeapSize
IsBadWritePtr
IsBadReadPtr
IsBadWritePtr
IsBadReadPtr
IsBadWritePtr
IsBadReadPtr
IsBadWritePtr
IsBadReadPtr
IsBadWritePtr
IsBadReadPtr
IsBadWritePtr
IsBadReadPtr
IsBadStringPtrW
IsBadReadPtr
IsBadWritePtr
IsBadReadPtr
IsBadStringPtrW
IsBadReadPtr
IsBadWritePtr
HeapSize
IsBadWritePtr
IsBadStringPtrW
IsBadReadPtr
IsBadWritePtr
IsBadStringPtrW
IsBadReadPtr
IsBadWritePtr
IsBadStringPtrW
IsBadReadPtr
IsBadWritePtr
IsBadStringPtrW
IsBadReadPtr
IsBadWritePtr
IsBadReadPtr
IsBadWritePtr
IsBadReadPtr
HeapSize
IsBadWritePtr
IsBadReadPtr
IsBadWritePtr
IsBadReadPtr
IsBadWritePtr
IsBadReadPtr
IsBadWritePtr
IsBadReadPtr
IsBadWritePtr
IsBadReadPtr
IsBadStringPtrW
IsBadReadPtr
IsBadWritePtr
IsBadReadPtr
IsBadStringPtrW
IsBadReadPtr
IsBadWritePtr
HeapSize
IsBadWritePtr
IsBadStringPtrW
IsBadReadPtr
IsBadWritePtr
IsBadStringPtrW
IsBadReadPtr
IsBadWritePtr
IsBadStringPtrW
IsBadReadPtr
IsBadWritePtr
IsBadStringPtrW
IsBadReadPtr
IsBadWritePtr
IsBadReadPtr
IsBadWritePtr
IsBadReadPtr
HeapSize
IsBadWritePtr
IsBadReadPtr
IsBadWritePtr
IsBadReadPtr
IsBadWritePtr
IsBadReadPtr
IsBadWritePtr
IsBadReadPtr
IsBadWritePtr
IsBadReadPtr
IsBadStringPtrW
IsBadReadPtr
IsBadWritePtr
IsBadReadPtr
IsBadStringPtrW
IsBadReadPtr
IsBadWritePtr
HeapSize
IsBadWritePtr
IsBadStringPtrW
IsBadReadPtr
IsBadWritePtr
IsBadStringPtrW
IsBadReadPtr
IsBadWritePtr
IsBadStringPtrW
IsBadReadPtr
IsBadWritePtr
IsBadStringPtrW
IsBadReadPtr
IsBadWritePtr
IsBadReadPtr
IsBadWritePtr
HeapSize
IsBadReadPtr
IsBadWritePtr
IsBadReadPtr
IsBadWritePtr
IsBadReadPtr
IsBadWritePtr
IsBadReadPtr
IsBadWritePtr
IsBadReadPtr
IsBadWritePtr
IsBadReadPtr
IsBadStringPtrW
IsBadReadPtr
IsBadWritePtr
IsBadReadPtr
IsBadStringPtrW
IsBadReadPtr
IsBadWritePtr
HeapSize
IsBadWritePtr
IsBadStringPtrW
IsBadReadPtr
IsBadWritePtr
IsBadStringPtrW
IsBadReadPtr
IsBadWritePtr
IsBadStringPtrW
IsBadReadPtr
IsBadWritePtr
IsBadStringPtrW
IsBadReadPtr
IsBadWritePtr
IsBadReadPtr
IsBadWritePtr
IsBadReadPtr
IsBadWritePtr
IsBadReadPtr
IsBadWritePtr
IsBadReadPtr
HeapSize
IsBadWritePtr
IsBadReadPtr
IsBadWritePtr
IsBadReadPtr
IsBadWritePtr
IsBadReadPtr
IsBadStringPtrW
IsBadReadPtr
IsBadWritePtr
IsBadReadPtr
IsBadStringPtrW
IsBadReadPtr
IsBadWritePtr
HeapSize
IsBadWritePtr
IsBadStringPtrW
IsBadReadPtr
IsBadWritePtr
IsBadStringPtrW
IsBadReadPtr
IsBadWritePtr
IsBadStringPtrW
IsBadReadPtr
IsBadWritePtr
IsBadStringPtrW
IsBadReadPtr
IsBadWritePtr
IsBadReadPtr
IsBadWritePtr
IsBadReadPtr
IsBadWritePtr
IsBadReadPtr
IsBadWritePtr
IsBadReadPtr
IsBadWritePtr
IsBadReadPtr
IsBadWritePtr
HeapSize
IsBadReadPtr
IsBadWritePtr
IsBadReadPtr
IsBadStringPtrW
IsBadReadPtr
IsBadWritePtr
IsBadReadPtr
IsBadStringPtrW
IsBadReadPtr
IsBadWritePtr
GetCurrentThread
GetThreadPriority
SetThreadPriority
HeapSize
HeapAlloc
HeapFree
HeapAlloc
HeapFree
HeapSize
HeapFree
HeapSize
IsBadReadPtr
HeapSize
IsBadReadPtr
IsBadWritePtr
IsBadReadPtr
HeapSize
HeapAlloc
HeapFree
HeapSize
HeapAlloc
HeapFree
HeapAlloc
HeapFree
HeapAlloc
HeapFree
HeapAlloc
HeapFree
HeapAlloc
HeapFree
HeapAlloc
HeapFree
HeapAlloc
HeapFree
HeapAlloc
HeapFree
HeapAlloc
HeapFree
HeapAlloc
HeapFree
HeapAlloc
HeapFree
HeapAlloc
HeapFree
HeapAlloc
HeapFree
HeapAlloc
HeapFree
HeapAlloc
HeapFree
HeapAlloc
HeapFree
HeapAlloc
GetModuleFileNameW
HeapFree
CreateFileA
GetFileType
SetFilePointer
HeapAlloc
ReadFile
SetFilePointer
HeapFree
GetModuleFileNameW
HeapAlloc
GetModuleFileNameW
HeapFree
CreateFileA
GetFileType
SetFilePointer
HeapAlloc
ReadFile
SetFilePointer
HeapFree
HeapSize
HeapAlloc
GetModuleFileNameW
CreateFileA
GetFileType
SetFilePointer
HeapAlloc
ReadFile
SetFilePointer
HeapFree
HeapSize
HeapAlloc
HeapFree
HeapSize
HeapAlloc
HeapFree
HeapSize
HeapAlloc
GetModuleFileNameW
CreateFileA
GetFileType
SetFilePointer
HeapAlloc
ReadFile
SetFilePointer
HeapFree
HeapSize
HeapAlloc
GetModuleFileNameW
CreateFileA
GetFileType
SetFilePointer
HeapAlloc
ReadFile
SetFilePointer
HeapFree
HeapSize
HeapAlloc
HeapFree
HeapAlloc
HeapSize
HeapAlloc
HeapFree
IsBadReadPtr
IsBadWritePtr
IsBadReadPtr
HeapSize
HeapAlloc
GetModuleFileNameW
CreateFileA
GetFileType
SetFilePointer
HeapAlloc
ReadFile
SetFilePointer
HeapFree
HeapSize
HeapAlloc
HeapFree
HeapSize
HeapAlloc
HeapFree
HeapSize
HeapAlloc
HeapFree
HeapAlloc
HeapFree
IsBadReadPtr
HeapSize
IsBadReadPtr
IsBadWritePtr
IsBadReadPtr
HeapSize
HeapAlloc
HeapFree
HeapAlloc
HeapFree
HeapAlloc
HeapFree
HeapAlloc
HeapFree
HeapAlloc
HeapFree
HeapAlloc
HeapFree
HeapAlloc
HeapFree
HeapAlloc
HeapFree
HeapAlloc
HeapFree
HeapAlloc
HeapFree
HeapAlloc
HeapFree
HeapAlloc
HeapFree
HeapAlloc
HeapFree
HeapAlloc
HeapFree
HeapAlloc
HeapFree
HeapAlloc
HeapFree
HeapAlloc
HeapFree
HeapSize
HeapAlloc
GetModuleFileNameW
HeapFree
CreateFileA
GetFileType
SetFilePointer
HeapAlloc
ReadFile
SetFilePointer
HeapFree
GetModuleFileNameW
CreateFileA
GetFileType
SetFilePointer
HeapAlloc
ReadFile
SetFilePointer
HeapFree
HeapSize
HeapAlloc
GetModuleFileNameW
CreateFileA
GetFileType
SetFilePointer
HeapAlloc
ReadFile
SetFilePointer
HeapFree
HeapSize
RegOpenKeyExW
HeapAlloc
HeapSize
HeapFree
RegQueryValueExW
HeapAlloc
HeapFree
RegCloseKey
RegOpenKeyExW
HeapAlloc
HeapFree
RegQueryValueExW
HeapAlloc
HeapFree
RegCloseKey
LocalAlloc
LoadLibraryA
LocalFree
GetCurrentThreadId
RegOpenKeyExW
HeapAlloc
HeapFree
RegQueryValueExW
HeapAlloc
HeapFree
RegCloseKey
RegOpenKeyExW
HeapAlloc
HeapFree
RegQueryValueExW
HeapAlloc
HeapFree
RegCloseKey
GetCurrentThread
HeapAlloc
HeapFree
HeapAlloc
LocalAlloc
HeapAlloc
LocalAlloc
HeapFree
HeapAlloc
LocalAlloc
HeapAlloc
HeapFree
GetModuleFileNameW
HeapAlloc
CreateFileA
GetFileType
SetFilePointer
HeapAlloc
LocalAlloc
ReadFile
HeapFree
SetFilePointer
HeapFree
HeapAlloc
LocalAlloc
HeapFree
HeapAlloc
HeapFree
HeapAlloc
HeapSize
HeapAlloc
HeapFree
HeapAlloc
LocalAlloc
HeapFree
LocalFree
HeapFree
LocalFree
HeapFree
LocalFree
HeapFree
HeapSize
HeapFree
HeapAlloc
HeapFree
HeapAlloc
LocalAlloc
HeapAlloc
LocalAlloc
HeapFree
HeapAlloc
LocalAlloc
HeapAlloc
HeapFree
HeapAlloc
LocalAlloc
HeapFree
HeapAlloc
LocalAlloc
HeapAlloc
HeapFree
HeapAlloc
LocalAlloc
HeapFree
LocalFree
HeapFree
LocalFree
HeapFree
LocalFree
HeapFree
HeapSize
HeapFree
GetCurrentThread
HeapAlloc
HeapFree
HeapAlloc
HeapFree
GetCurrentThread
HeapAlloc
HeapFree
GetCurrentThread
RegQueryValueExW
HeapAlloc
HeapFree
RegQueryValueExW
HeapAlloc
HeapFree
HeapAlloc
HeapFree
GetCurrentThread
RegQueryValueExW
HeapAlloc
HeapFree
RegQueryValueExW
HeapAlloc
HeapFree
HeapAlloc
HeapFree
GetCurrentThread
RegQueryValueExW
HeapAlloc
HeapFree
RegQueryValueExW
HeapAlloc
HeapFree
HeapAlloc
HeapFree
GetCurrentThread
RegQueryValueExW
HeapAlloc
HeapFree
RegQueryValueExW
HeapAlloc
HeapFree
HeapSize
HeapAlloc
HeapFree
GetCurrentThread
RegQueryValueExW
HeapAlloc
HeapFree
RegQueryValueExW
HeapAlloc
HeapFree
HeapAlloc
HeapFree
GetCurrentThread
RegQueryValueExW
HeapAlloc
HeapFree
RegQueryValueExW
HeapAlloc
HeapFree
HeapAlloc
HeapFree
GetCurrentThread
RegQueryValueExW
HeapAlloc
HeapFree
RegQueryValueExW
HeapAlloc
HeapFree
HeapAlloc
HeapFree
GetCurrentThread
RegQueryValueExW
HeapAlloc
HeapFree
RegQueryValueExW
HeapAlloc
HeapFree
HeapAlloc
HeapFree
GetCurrentThread
RegQueryValueExW
HeapAlloc
HeapFree
RegQueryValueExW
HeapAlloc
HeapFree
HeapAlloc
HeapFree
GetCurrentThread
RegQueryValueExW
HeapAlloc
HeapFree
HeapAlloc
GetModuleFileNameW
RegQueryValueExW
HeapAlloc
CreateFileA
GetFileType
SetFilePointer
HeapFree
HeapAlloc
ReadFile
HeapAlloc
SetFilePointer
HeapFree
GetCurrentThread
RegQueryValueExW
HeapAlloc
HeapFree
HeapSize
RegQueryValueExW
HeapAlloc
HeapFree
HeapAlloc
HeapFree
GetCurrentThread
RegQueryValueExW
HeapAlloc
HeapFree
RegQueryValueExW
HeapAlloc
HeapFree
HeapAlloc
HeapFree
GetCurrentThread
RegQueryValueExW
HeapAlloc
HeapFree
RegQueryValueExW
HeapAlloc
HeapFree
HeapAlloc
LocalAlloc
HeapAlloc
HeapSize
LocalAlloc
HeapFree
HeapAlloc
LocalAlloc
HeapAlloc
HeapFree
HeapAlloc
LocalAlloc
HeapFree
LocalFree
HeapFree
LocalFree
HeapFree
HeapAlloc
LocalAlloc
HeapAlloc
LocalAlloc
HeapFree
HeapAlloc
LocalAlloc
HeapAlloc
HeapFree
HeapAlloc
LocalAlloc
HeapFree
HeapAlloc
LocalAlloc
HeapAlloc
HeapSize
HeapAlloc
HeapFree
HeapAlloc
LocalAlloc
HeapFree
LocalFree
HeapFree
LocalFree
HeapFree
LocalFree
HeapFree
HeapAlloc
HeapFree
GetCurrentThread
RegQueryValueExW
HeapAlloc
HeapFree
RegQueryValueExW
HeapAlloc
HeapFree
HeapAlloc
LocalAlloc
HeapAlloc
LocalAlloc
HeapFree
HeapSize
HeapAlloc
LocalAlloc
HeapAlloc
HeapFree
HeapAlloc
LocalAlloc
HeapFree
LocalFree
HeapFree
LocalFree
HeapFree
HeapAlloc
LocalAlloc
HeapAlloc
LocalAlloc
HeapFree
HeapAlloc
LocalAlloc
HeapAlloc
HeapFree
HeapAlloc
LocalAlloc
HeapFree
HeapAlloc
LocalAlloc
HeapAlloc
HeapFree
HeapAlloc
HeapSize
LocalAlloc
HeapFree
LocalFree
HeapFree
LocalFree
HeapFree
LocalFree
HeapFree
HeapAlloc
HeapFree
GetCurrentThread
RegQueryValueExW
HeapAlloc
HeapFree
RegQueryValueExW
HeapAlloc
HeapFree
HeapAlloc
HeapFree
GetCurrentThread
RegQueryValueExW
HeapAlloc
HeapFree
RegQueryValueExW
HeapAlloc
HeapFree
HeapAlloc
HeapFree
GetCurrentThread
RegQueryValueExW
HeapAlloc
HeapFree
HeapSize
RegQueryValueExW
HeapAlloc
HeapFree
HeapAlloc
HeapFree
GetCurrentThread
RegQueryValueExW
HeapAlloc
HeapFree
RegQueryValueExW
HeapAlloc
HeapFree
HeapAlloc
HeapFree
GetCurrentThread
HeapAlloc
RegQueryValueExW
HeapAlloc
HeapFree
HeapAlloc
RegQueryValueExW
HeapAlloc
HeapFree
HeapAlloc
HeapFree
HeapAlloc
HeapFree
IsBadReadPtr
GetCurrentThread
HeapSize
IsBadReadPtr
RegQueryValueExW
HeapAlloc
IsBadReadPtr
HeapFree
IsBadReadPtr
RegQueryValueExW
HeapAlloc
IsBadWritePtr
HeapFree
IsBadReadPtr
HeapAlloc
HeapFree
GetCurrentThread
RegQueryValueExW
HeapAlloc
HeapFree
RegQueryValueExW
HeapAlloc
HeapFree
HeapAlloc
HeapFree
GetCurrentThread
RegQueryValueExW
HeapAlloc
HeapFree
RegQueryValueExW
HeapAlloc
HeapFree
HeapAlloc
HeapFree
GetCurrentThread
RegQueryValueExW
HeapAlloc
HeapFree
RegQueryValueExW
HeapAlloc
HeapFree
HeapAlloc
HeapFree
GetCurrentThread
RegQueryValueExW
HeapAlloc
HeapSize
HeapFree
RegQueryValueExW
HeapAlloc
HeapFree
HeapAlloc
HeapFree
GetCurrentThread
RegQueryValueExW
HeapAlloc
HeapFree
RegQueryValueExW
HeapAlloc
HeapFree
HeapAlloc
HeapFree
GetCurrentThread
RegQueryValueExW
HeapAlloc
HeapFree
RegQueryValueExW
HeapAlloc
HeapFree
HeapAlloc
HeapFree
GetCurrentThread
HeapSize
RegQueryValueExW
HeapAlloc
HeapFree
RegQueryValueExW
HeapAlloc
HeapSize
HeapFree
HeapAlloc
HeapFree
GetCurrentThread
RegQueryValueExW
HeapAlloc
HeapFree
RegQueryValueExW
HeapAlloc
HeapFree
HeapSize
HeapAlloc
HeapFree
GetCurrentThread
RegQueryValueExW
HeapAlloc
HeapSize
HeapFree
RegQueryValueExW
HeapAlloc
HeapFree
HeapAlloc
HeapFree
HeapSize
GetCurrentThread
RegQueryValueExW
HeapAlloc
HeapFree
RegQueryValueExW
HeapAlloc
HeapFree
HeapAlloc
HeapFree
GetCurrentThread
RegQueryValueExW
HeapAlloc
HeapFree
RegQueryValueExW
HeapAlloc
HeapFree
HeapAlloc
HeapFree
GetCurrentThread
RegQueryValueExW
HeapAlloc
HeapFree
HeapSize
RegQueryValueExW
HeapAlloc
HeapFree
HeapAlloc
HeapFree
GetCurrentThread
RegQueryValueExW
HeapAlloc
HeapFree
HeapSize
RegQueryValueExW
HeapAlloc
HeapFree
HeapSize
HeapAlloc
HeapFree
GetCurrentThread
RegQueryValueExW
HeapAlloc
HeapFree
HeapSize
RegQueryValueExW
HeapAlloc
HeapFree
HeapAlloc
HeapFree
GetCurrentThread
RegQueryValueExW
HeapAlloc
HeapFree
RegQueryValueExW
HeapAlloc
HeapFree
HeapAlloc
HeapSize
HeapFree
GetCurrentThread
RegQueryValueExW
HeapAlloc
HeapFree
RegQueryValueExW
HeapAlloc
HeapFree
HeapSize
HeapAlloc
HeapFree
GetCurrentThread
RegQueryValueExW
HeapAlloc
HeapFree
HeapSize
RegQueryValueExW
HeapAlloc
HeapFree
HeapAlloc
HeapFree
GetCurrentThread
RegQueryValueExW
HeapAlloc
HeapFree
RegQueryValueExW
HeapAlloc
HeapFree
HeapAlloc
HeapFree
GetCurrentThread
RegQueryValueExW
HeapAlloc
HeapSize
HeapFree
RegQueryValueExW
HeapAlloc
HeapFree
HeapSize
HeapAlloc
HeapSize
HeapFree
GetCurrentThread
RegQueryValueExW
HeapAlloc
HeapFree
RegQueryValueExW
HeapAlloc
HeapFree
HeapSize
HeapAlloc
HeapFree
GetCurrentThread
RegQueryValueExW
HeapAlloc
HeapFree
HeapSize
RegQueryValueExW
HeapAlloc
HeapFree
HeapAlloc
HeapFree
GetCurrentThread
RegQueryValueExW
HeapAlloc
HeapSize
HeapFree
RegQueryValueExW
HeapAlloc
HeapFree
HeapAlloc
HeapFree
GetCurrentThread
RegQueryValueExW
HeapAlloc
HeapSize
HeapFree
RegQueryValueExW
HeapAlloc
HeapFree
HeapAlloc
HeapFree
HeapSize
GetCurrentThread
RegQueryValueExW
HeapAlloc
HeapFree
RegQueryValueExW
HeapAlloc
HeapSize
HeapFree
HeapAlloc
HeapFree
GetCurrentThread
HeapSize
RegQueryValueExW
HeapAlloc
HeapFree
RegQueryValueExW
HeapAlloc
HeapFree
HeapAlloc
HeapFree
GetCurrentThread
RegQueryValueExW
HeapAlloc
HeapSize
HeapFree
RegQueryValueExW
HeapAlloc
HeapFree
HeapAlloc
HeapFree
GetCurrentThread
RegQueryValueExW
HeapAlloc
HeapFree
RegQueryValueExW
HeapAlloc
HeapSize
HeapFree
HeapAlloc
HeapSize
HeapFree
GetCurrentThread
RegQueryValueExW
HeapAlloc
HeapFree
RegQueryValueExW
HeapAlloc
HeapFree
HeapSize
HeapAlloc
HeapFree
GetCurrentThread
RegQueryValueExW
HeapAlloc
HeapFree
HeapSize
RegQueryValueExW
HeapAlloc
HeapSize
HeapFree
HeapAlloc
HeapFree
GetCurrentThread
RegQueryValueExW
HeapAlloc
HeapFree
RegQueryValueExW
HeapAlloc
HeapFree
HeapAlloc
HeapSize
HeapFree
GetCurrentThread
HeapSize
RegQueryValueExW
HeapAlloc
HeapFree
RegQueryValueExW
HeapAlloc
HeapFree
LocalAlloc
HeapSize
HeapAlloc
RegOpenKeyExW
HeapAlloc
HeapSize
HeapFree
RegQueryValueExW
HeapAlloc
HeapFree
RegCloseKey
RegOpenKeyExW
HeapAlloc
HeapSize
HeapFree
LocalAlloc
RegOpenKeyExW
HeapAlloc
HeapFree
HeapSize
RegQueryValueExW
HeapAlloc
HeapFree
HeapSize
RegQueryValueExW
HeapAlloc
HeapFree
RegCloseKey
LocalAlloc
RegOpenKeyExA
HeapSize
RegOpenKeyExA
RegQueryValueExW
HeapAlloc
HeapFree
RegCloseKey
LocalFree
RegOpenKeyExA
LocalAlloc
RegOpenKeyExA
LocalFree
HeapAlloc
LocalAlloc
RegOpenKeyExW
HeapAlloc
HeapFree
RegOpenKeyExA
RegCloseKey
LocalFree
HeapSize
LocalFree
HeapFree
LocalFree
RegQueryValueExW
HeapAlloc
HeapFree
LocalAlloc
GetCurrentThread
RegOpenKeyExW
HeapAlloc
HeapSize
HeapFree
RegQueryValueExW
HeapAlloc
HeapFree
RegCloseKey
LocalFree
HeapSize
RegCloseKey
RegOpenKeyExW
HeapAlloc
HeapFree
RegQueryValueExW
HeapAlloc
HeapFree
HeapSize
RegCloseKey
RegOpenKeyExW
HeapAlloc
HeapFree
LocalAlloc
RegOpenKeyExW
HeapAlloc
HeapSize
HeapFree
RegQueryValueExW
HeapAlloc
HeapSize
HeapFree
RegQueryValueExW
HeapAlloc
HeapFree
RegCloseKey
LocalAlloc
RegOpenKeyExA
RegQueryValueExW
HeapAlloc
HeapFree
HeapSize
RegCloseKey
LocalFree
RegOpenKeyExA
LocalAlloc
HeapSize
RegOpenKeyExA
LocalFree
HeapAlloc
LocalAlloc
RegOpenKeyExW
HeapAlloc
HeapFree
RegOpenKeyExA
RegCloseKey
LocalFree
HeapFree
HeapSize
LocalFree
RegQueryValueExW
HeapAlloc
HeapSize
HeapFree
LocalAlloc
GetCurrentThread
RegOpenKeyExW
HeapAlloc
HeapFree
RegQueryValueExW
HeapAlloc
HeapFree
HeapSize
RegCloseKey
LocalFree
RegCloseKey
LocalAlloc
HeapAlloc
LocalAlloc
RegQueryValueExW
HeapAlloc
HeapFree
RegQueryValueExW
HeapAlloc
HeapFree
HeapSize
RegQueryValueExW
HeapAlloc
HeapFree
HeapSize
RegQueryValueExW
HeapAlloc
HeapFree
RegQueryValueExW
HeapAlloc
HeapFree
RegQueryValueExW
HeapAlloc
HeapFree
HeapSize
RegQueryValueExW
HeapAlloc
HeapFree
HeapSize
RegQueryValueExW
HeapAlloc
HeapFree
HeapSize
LocalAlloc
HeapAlloc
HeapFree
RegQueryValueExW
HeapAlloc
HeapFree
RegQueryValueExW
HeapAlloc
HeapFree
RegQueryValueExW
HeapAlloc
HeapFree
RegQueryValueExW
HeapAlloc
HeapFree
RegQueryValueExW
HeapAlloc
HeapFree
RegQueryValueExW
HeapAlloc
HeapFree
HeapSize
RegQueryValueExW
HeapAlloc
HeapFree
RegQueryValueExW
HeapAlloc
HeapFree
LocalAlloc
HeapAlloc
HeapFree
RegQueryValueExW
HeapAlloc
HeapFree
RegQueryValueExW
HeapAlloc
HeapFree
RegQueryValueExW
HeapAlloc
HeapFree
RegQueryValueExW
HeapAlloc
HeapFree
RegQueryValueExW
HeapAlloc
HeapFree
RegQueryValueExW
HeapAlloc
HeapFree
RegQueryValueExW
HeapAlloc
HeapFree
RegQueryValueExW
HeapAlloc
HeapFree
HeapSize
RegQueryValueExW
HeapAlloc
HeapFree
RegQueryValueExW
HeapAlloc
HeapFree
RegQueryValueExW
HeapAlloc
HeapFree
RegQueryValueExW
HeapAlloc
HeapFree
RegQueryValueExW
HeapAlloc
HeapFree
RegQueryValueExW
HeapAlloc
HeapFree
LocalAlloc
HeapAlloc
HeapFree
RegQueryValueExW
HeapAlloc
HeapFree
RegQueryValueExW
HeapAlloc
HeapFree
LocalAlloc
HeapAlloc
HeapFree
RegQueryValueExW
HeapAlloc
HeapFree
RegQueryValueExW
HeapAlloc
HeapFree
LocalAlloc
HeapAlloc
HeapFree
RegQueryValueExW
HeapAlloc
HeapFree
RegQueryValueExW
HeapAlloc
HeapFree
HeapSize
RegQueryValueExW
HeapAlloc
HeapFree
RegQueryValueExW
HeapAlloc
HeapFree
RegQueryValueExW
HeapAlloc
HeapFree
RegQueryValueExW
HeapAlloc
HeapFree
RegQueryValueExW
HeapAlloc
HeapFree
RegQueryValueExW
HeapAlloc
HeapFree
RegQueryValueExW
HeapAlloc
HeapFree
RegQueryValueExW
HeapAlloc
HeapFree
RegQueryValueExW
HeapAlloc
HeapFree
RegQueryValueExW
HeapAlloc
HeapFree
RegQueryValueExW
HeapAlloc
HeapFree
RegQueryValueExW
HeapAlloc
HeapFree
RegQueryValueExW
HeapAlloc
HeapFree
RegQueryValueExW
HeapAlloc
HeapFree
RegQueryValueExW
HeapAlloc
HeapFree
RegQueryValueExW
HeapAlloc
HeapFree
HeapAlloc
RegQueryValueExW
HeapAlloc
HeapFree
HeapAlloc
RegQueryValueExW
HeapAlloc
HeapFree
RegQueryValueExW
HeapAlloc
HeapFree
HeapAlloc
RegQueryValueExW
HeapAlloc
HeapFree
HeapAlloc
RegQueryValueExW
HeapAlloc
HeapFree
RegQueryValueExW
HeapAlloc
HeapFree
RegQueryValueExW
HeapAlloc
HeapFree
HeapAlloc
RegQueryValueExW
HeapAlloc
HeapFree
HeapAlloc
LocalAlloc
HeapAlloc
HeapFree
HeapAlloc
HeapFree
RegQueryValueExW
HeapAlloc
HeapFree
HeapAlloc
RegQueryValueExW
HeapAlloc
HeapFree
HeapAlloc
HeapFree
RegQueryValueExW
HeapAlloc
HeapFree
RegQueryValueExW
HeapAlloc
HeapFree
HeapAlloc
RegQueryValueExW
HeapAlloc
HeapFree
HeapAlloc
RegQueryValueExW
HeapAlloc
HeapFree
HeapAlloc
RegQueryValueExW
HeapAlloc
HeapFree
HeapAlloc
RegQueryValueExW
HeapAlloc
HeapFree
HeapAlloc
RegQueryValueExW
HeapAlloc
HeapFree
RegQueryValueExW
HeapAlloc
HeapFree
RegQueryValueExW
HeapAlloc
HeapFree
RegQueryValueExW
HeapAlloc
HeapFree
RegQueryValueExW
HeapAlloc
HeapFree
HeapSize
RegQueryValueExW
HeapAlloc
HeapFree
HeapAlloc
GetModuleFileNameW
RegQueryValueExW
HeapAlloc
HeapFree
CreateFileA
GetFileType
SetFilePointer
RegQueryValueExW
HeapAlloc
HeapFree
ReadFile
SetFilePointer
RegQueryValueExW
HeapAlloc
HeapFree
GetModuleFileNameW
RegQueryValueExW
HeapAlloc
CreateFileA
HeapFree
GetFileType
RegQueryValueExW
SetFilePointer
HeapAlloc
HeapFree
HeapAlloc
ReadFile
RegQueryValueExW
HeapAlloc
SetFilePointer
HeapFree
RegQueryValueExW
HeapAlloc
HeapFree
HeapSize
RegQueryValueExW
HeapAlloc
HeapFree
RegQueryValueExW
HeapAlloc
HeapFree
RegQueryValueExW
HeapAlloc
HeapFree
RegQueryValueExW
HeapAlloc
HeapFree
RegQueryValueExW
HeapAlloc
HeapFree
RegQueryValueExW
HeapAlloc
HeapFree
HeapSize
RegQueryValueExW
HeapAlloc
HeapFree
RegQueryValueExW
HeapAlloc
HeapFree
RegQueryValueExW
HeapAlloc
HeapFree
RegQueryValueExW
HeapAlloc
HeapFree
RegQueryValueExW
HeapAlloc
HeapFree
RegQueryValueExW
HeapAlloc
HeapFree
RegQueryValueExW
HeapAlloc
HeapFree
RegQueryValueExW
HeapAlloc
HeapFree
RegQueryValueExW
HeapAlloc
HeapFree
RegQueryValueExW
HeapAlloc
HeapFree
RegQueryValueExW
HeapAlloc
HeapFree
RegQueryValueExW
HeapAlloc
HeapFree
RegQueryValueExW
HeapAlloc
HeapFree
LocalFree
HeapFree
LocalFree
HeapFree
HeapSize
GetCurrentThreadId
LocalFree
GetCurrentThreadId
LocalFree
GetCurrentThreadId
HeapFree
GetCurrentThreadId
LocalFree
GetCurrentThreadId
HeapFree
GetCurrentThreadId
LocalFree
GetCurrentThreadId
HeapFree
GetCurrentThreadId
LocalFree
GetCurrentThreadId
HeapFree
GetCurrentThreadId
LocalFree
GetCurrentThreadId
HeapFree
LocalFree
HeapFree
LocalFree
HeapSize
HeapAlloc
HeapFree
HeapAlloc
HeapFree
IsBadReadPtr
HeapAlloc
IsBadReadPtr
HeapAlloc
IsBadReadPtr
GetModuleFileNameW
IsBadReadPtr
CreateFileA
IsBadWritePtr
GetFileType
IsBadReadPtr
SetFilePointer
HeapAlloc
ReadFile
SetFilePointer
HeapFree
HeapSize
HeapAlloc
GetModuleFileNameW
CreateFileA
GetFileType
SetFilePointer
HeapAlloc
ReadFile
SetFilePointer
HeapFree
HeapSize
HeapAlloc
GetModuleFileNameW
CreateFileA
GetFileType
SetFilePointer
HeapAlloc
ReadFile
SetFilePointer
HeapFree
HeapSize
MulDiv
HeapAlloc
GetModuleFileNameW
HeapFree
MulDiv
HeapAlloc
GetModuleFileNameW
HeapFree
MulDiv
HeapAlloc
GetModuleFileNameW
HeapFree
HeapSize
MulDiv
HeapAlloc
GetModuleFileNameW
HeapFree
HeapSize
MulDiv
HeapAlloc
GetModuleFileNameW
HeapFree
HeapSize
MulDiv
HeapAlloc
GetModuleFileNameW
HeapFree
HeapSize
HeapAlloc
HeapFree
HeapSize
HeapAlloc
HeapFree
IsBadReadPtr
IsBadWritePtr
IsBadReadPtr
HeapSize
MulDiv
HeapAlloc
GetModuleFileNameW
HeapFree
HeapAlloc
HeapFree
HeapAlloc
HeapFree
HeapAlloc
HeapFree
HeapAlloc
HeapFree
HeapSize
HeapAlloc
GetModuleFileNameW
HeapFree
CreateFileA
GetFileType
SetFilePointer
HeapAlloc
ReadFile
SetFilePointer
HeapFree
GetModuleFileNameW
CreateFileA
GetFileType
SetFilePointer
HeapAlloc
ReadFile
SetFilePointer
HeapFree
HeapSize
HeapAlloc
GetModuleFileNameW
CreateFileA
GetFileType
SetFilePointer
HeapAlloc
ReadFile
SetFilePointer
HeapFree
HeapSize
HeapAlloc
GetModuleFileNameW
CreateFileA
GetFileType
SetFilePointer
HeapAlloc
ReadFile
SetFilePointer
HeapFree
HeapSize
HeapAlloc
GetModuleFileNameW
CreateFileA
GetFileType
SetFilePointer
HeapAlloc
ReadFile
SetFilePointer
HeapFree
HeapSize
HeapAlloc
GetModuleFileNameW
CreateFileA
GetFileType
SetFilePointer
HeapAlloc
ReadFile
SetFilePointer
HeapFree
HeapSize
HeapAlloc
HeapFree
HeapAlloc
HeapFree
IsBadReadPtr
HeapSize
IsBadWritePtr
IsBadReadPtr
HeapSize
HeapAlloc
HeapFree
HeapAlloc
HeapFree
HeapAlloc
HeapFree
HeapAlloc
HeapFree
HeapAlloc
HeapFree
HeapAlloc
HeapFree
HeapAlloc
HeapFree
HeapAlloc
HeapFree
HeapAlloc
HeapFree
HeapAlloc
HeapFree
HeapAlloc
HeapFree
HeapSize
HeapAlloc
GetModuleFileNameW
HeapFree
CreateFileA
GetFileType
SetFilePointer
HeapAlloc
ReadFile
SetFilePointer
HeapFree
HeapSize
HeapAlloc
HeapFree
HeapAlloc
HeapFree
IsBadReadPtr
HeapSize
IsBadWritePtr
IsBadReadPtr
HeapSize
HeapAlloc
GetModuleFileNameW
CreateFileA
GetFileType
SetFilePointer
HeapAlloc
ReadFile
SetFilePointer
HeapFree
HeapAlloc
HeapFree
HeapAlloc
HeapFree
IsBadReadPtr
IsBadWritePtr
IsBadReadPtr
HeapFree
HeapSize
HeapAlloc
GetModuleFileNameW
CreateFileA
GetFileType
SetFilePointer
HeapAlloc
ReadFile
SetFilePointer
HeapFree
HeapAlloc
HeapFree
HeapAlloc
HeapFree
IsBadReadPtr
IsBadWritePtr
IsBadReadPtr
HeapAlloc
HeapFree
HeapAlloc
HeapFree
HeapAlloc
HeapFree
HeapAlloc
HeapFree
HeapAlloc
HeapFree
HeapAlloc
HeapFree
HeapAlloc
HeapFree
HeapSize
GetModuleFileNameW
HeapFree
CreateFileA
GetFileType
SetFilePointer
HeapAlloc
ReadFile
SetFilePointer
HeapFree
HeapAlloc
HeapFree
HeapAlloc
HeapFree
IsBadReadPtr
IsBadWritePtr
IsBadReadPtr
GetModuleFileNameW
CreateFileA
GetFileType
SetFilePointer
HeapAlloc
ReadFile
SetFilePointer
HeapFree
HeapAlloc
HeapFree
HeapAlloc
HeapFree
IsBadReadPtr
HeapAlloc
IsBadReadPtr
HeapAlloc
IsBadWritePtr
HeapAlloc
IsBadReadPtr
HeapAlloc
HeapFree
HeapAlloc
HeapFree
HeapAlloc
HeapFree
HeapAlloc
HeapFree
HeapAlloc
HeapFree
HeapAlloc
HeapFree
HeapAlloc
HeapFree
HeapSize
GetModuleFileNameW
HeapFree
CreateFileA
GetFileType
SetFilePointer
HeapAlloc
ReadFile
SetFilePointer
HeapFree
HeapAlloc
HeapFree
HeapAlloc
HeapFree
HeapAlloc
GetCurrentThreadId
HeapAlloc
LocalFree
GetModuleFileNameW
GetCurrentThreadId
HeapFree
GetCurrentThreadId
HeapFree
HeapSize
HeapAlloc
HeapFree
HeapAlloc
HeapFree
IsBadReadPtr
HeapSize
IsBadReadPtr
IsBadWritePtr
IsBadReadPtr
HeapSize
HeapAlloc
GetModuleFileNameW
CreateFileA
GetFileType
SetFilePointer
HeapAlloc
ReadFile
SetFilePointer
HeapFree
HeapAlloc
HeapFree
HeapAlloc
HeapFree
IsBadReadPtr
IsBadWritePtr
IsBadReadPtr
HeapAlloc
HeapFree
HeapAlloc
HeapFree
IsBadReadPtr
IsBadWritePtr
IsBadReadPtr
HeapAlloc
HeapFree
HeapAlloc
HeapFree
IsBadReadPtr
IsBadWritePtr
IsBadReadPtr
HeapAlloc
GetModuleFileNameW
CreateFileA
GetFileType
SetFilePointer
HeapAlloc
ReadFile
SetFilePointer
HeapFree
HeapAlloc
HeapFree
HeapAlloc
HeapFree
IsBadReadPtr
IsBadWritePtr
IsBadReadPtr
HeapAlloc
HeapFree
HeapAlloc
HeapFree
HeapAlloc
GetModuleFileNameW
HeapFree
HeapAlloc
HeapFree
GetModuleFileNameW
HeapAlloc
CreateFileA
HeapAlloc
GetFileType
HeapFree
SetFilePointer
HeapFree
HeapAlloc
IsBadReadPtr
ReadFile
SetFilePointer
IsBadReadPtr
HeapFree
IsBadReadPtr
IsBadWritePtr
IsBadReadPtr
GetModuleFileNameW
CreateFileA
GetFileType
SetFilePointer
HeapAlloc
ReadFile
SetFilePointer
HeapFree
GetCurrentThreadId
HeapFree
GetCurrentThreadId
HeapFree
HeapAlloc
HeapFree
HeapAlloc
HeapFree
IsBadReadPtr
IsBadWritePtr
IsBadReadPtr
HeapAlloc
HeapFree
HeapAlloc
HeapFree
HeapAlloc
GetModuleFileNameW
HeapFree
GetModuleFileNameW
CreateFileA
GetFileType
SetFilePointer
HeapAlloc
ReadFile
SetFilePointer
HeapFree
GetModuleFileNameW
CreateFileA
GetFileType
SetFilePointer
HeapAlloc
ReadFile
SetFilePointer
HeapFree
HeapAlloc
HeapFree
HeapAlloc
HeapFree
IsBadReadPtr
IsBadWritePtr
IsBadReadPtr
HeapFree
HeapAlloc
HeapFree
HeapAlloc
HeapFree
IsBadReadPtr
IsBadWritePtr
IsBadReadPtr
HeapAlloc
HeapFree
HeapAlloc
HeapFree
HeapAlloc
GetModuleFileNameW
HeapFree
HeapAlloc
HeapFree
HeapAlloc
HeapFree
HeapAlloc
HeapFree
HeapAlloc
HeapFree
HeapAlloc
HeapFree
HeapAlloc
HeapFree
HeapSize
HeapAlloc
HeapFree
HeapSize
HeapAlloc
HeapFree
IsBadReadPtr
IsBadWritePtr
IsBadReadPtr
HeapSize
HeapAlloc
HeapFree
HeapSize
HeapAlloc
HeapFree
HeapSize
HeapAlloc
HeapFree
HeapAlloc
HeapFree
IsBadReadPtr
HeapFree
IsBadReadPtr
HeapSize
IsBadReadPtr
HeapSize
IsBadReadPtr
IsBadWritePtr
HeapSize
IsBadReadPtr
HeapSize
HeapAlloc
HeapFree
HeapSize
HeapAlloc
HeapFree
HeapSize
HeapAlloc
HeapFree
HeapAlloc
HeapSize
HeapAlloc
HeapFree
IsBadReadPtr
IsBadWritePtr
IsBadReadPtr
HeapSize
LocalAlloc
LocalFree
HeapAlloc
HeapFree
HeapAlloc
HeapFree
IsBadReadPtr
IsBadWritePtr
IsBadReadPtr
Sleep
HeapAlloc
HeapFree
HeapAlloc
HeapFree
IsBadReadPtr
IsBadWritePtr
IsBadReadPtr
HeapAlloc
HeapFree
HeapAlloc
HeapFree
HeapAlloc
HeapFree
HeapAlloc
HeapFree
HeapAlloc
HeapFree
HeapAlloc
HeapFree
HeapAlloc
HeapFree
HeapAlloc
HeapFree
HeapAlloc
HeapFree
HeapSize
GetModuleFileNameW
HeapFree
CreateFileA
HeapAlloc
HeapFree
HeapAlloc
HeapFree
IsBadReadPtr
IsBadWritePtr
IsBadReadPtr
HeapAlloc
HeapFree
HeapAlloc
HeapFree
IsBadReadPtr
IsBadWritePtr
IsBadReadPtr
HeapAlloc
HeapFree
HeapAlloc
HeapFree
IsBadReadPtr
IsBadWritePtr
IsBadReadPtr
HeapAlloc
HeapFree
HeapAlloc
HeapFree
IsBadReadPtr
IsBadWritePtr
IsBadReadPtr
HeapAlloc
HeapFree
HeapAlloc
HeapFree
IsBadReadPtr
IsBadWritePtr
IsBadReadPtr
GetFileType
SetFilePointer
HeapAlloc
ReadFile
SetFilePointer
HeapFree
HeapAlloc
HeapFree
HeapAlloc
GetModuleFileNameW
HeapFree
HeapAlloc
HeapFree
HeapAlloc
HeapFree
IsBadReadPtr
GetModuleFileNameW
IsBadReadPtr
CreateFileA
IsBadReadPtr
GetFileType
IsBadReadPtr
SetFilePointer
IsBadReadPtr
HeapAlloc
IsBadWritePtr
ReadFile
IsBadReadPtr
SetFilePointer
HeapFree
HeapAlloc
GetModuleFileNameW
CreateFileA
HeapFree
GetFileType
SetFilePointer
HeapAlloc
ReadFile
HeapFree
SetFilePointer
HeapFree
IsBadReadPtr
HeapAlloc
IsBadReadPtr
HeapAlloc
IsBadReadPtr
HeapAlloc
IsBadReadPtr
HeapAlloc
IsBadReadPtr
HeapAlloc
IsBadWritePtr
HeapFree
IsBadReadPtr
HeapFree
HeapAlloc
HeapFree
HeapAlloc
HeapFree
HeapAlloc
HeapFree
HeapAlloc
HeapFree
HeapAlloc
HeapFree
HeapAlloc
HeapFree
HeapSize
GetModuleFileNameW
HeapFree
CreateFileA
GetFileType
SetFilePointer
HeapAlloc
ReadFile
SetFilePointer
HeapFree
HeapAlloc
HeapFree
HeapAlloc
HeapFree
HeapAlloc
HeapFree
HeapAlloc
HeapFree
HeapSize
GetModuleFileNameW
HeapFree
CreateFileA
GetFileType
SetFilePointer
HeapAlloc
ReadFile
SetFilePointer
HeapFree
HeapAlloc
HeapFree
HeapAlloc
HeapFree
HeapAlloc
HeapFree
HeapAlloc
HeapFree
HeapAlloc
HeapFree
HeapAlloc
HeapFree
HeapAlloc
HeapFree
HeapAlloc
HeapFree
HeapAlloc
HeapFree
HeapSize
GetModuleFileNameW
HeapFree
CreateFileA
GetFileType
SetFilePointer
HeapAlloc
ReadFile
SetFilePointer
HeapFree
GetModuleFileNameW
CreateFileA
GetFileType
SetFilePointer
HeapAlloc
ReadFile
SetFilePointer
HeapFree
GetModuleFileNameW
CreateFileA
GetFileType
SetFilePointer
HeapAlloc
ReadFile
SetFilePointer
HeapFree
GetModuleFileNameW
CreateFileA
GetFileType
SetFilePointer
HeapAlloc
ReadFile
SetFilePointer
HeapFree
GetModuleFileNameW
CreateFileA
GetFileType
SetFilePointer
HeapAlloc
ReadFile
SetFilePointer
HeapFree
GetModuleFileNameW
CreateFileA
GetFileType
SetFilePointer
HeapAlloc
ReadFile
SetFilePointer
HeapFree
GetModuleFileNameW
CreateFileA
GetFileType
SetFilePointer
HeapAlloc
ReadFile
SetFilePointer
HeapFree
GetModuleFileNameW
CreateFileA
GetFileType
SetFilePointer
HeapAlloc
ReadFile
SetFilePointer
HeapFree
GetModuleFileNameW
CreateFileA
GetFileType
SetFilePointer
HeapAlloc
ReadFile
SetFilePointer
HeapFree
HeapAlloc
GetModuleFileNameW
HeapFree
CreateFileA
GetFileType
HeapAlloc
SetFilePointer
HeapAlloc
HeapFree
ReadFile
HeapFree
SetFilePointer
IsBadReadPtr
HeapFree
IsBadReadPtr
GetModuleFileNameW
IsBadReadPtr
CreateFileA
IsBadReadPtr
GetFileType
IsBadWritePtr
SetFilePointer
IsBadReadPtr
HeapAlloc
ReadFile
SetFilePointer
HeapFree
GetModuleFileNameW
CreateFileA
GetFileType
SetFilePointer
HeapAlloc
ReadFile
SetFilePointer
HeapFree
GetModuleFileNameW
CreateFileA
GetFileType
SetFilePointer
HeapAlloc
ReadFile
SetFilePointer
HeapFree
GetModuleFileNameW
CreateFileA
GetFileType
SetFilePointer
HeapAlloc
ReadFile
SetFilePointer
HeapFree
GetModuleFileNameW
CreateFileA
GetFileType
SetFilePointer
HeapAlloc
ReadFile
SetFilePointer
HeapFree
GetModuleFileNameW
CreateFileA
GetFileType
SetFilePointer
HeapAlloc
ReadFile
SetFilePointer
HeapFree
HeapAlloc
HeapFree
HeapAlloc
HeapFree
HeapAlloc
HeapFree
HeapAlloc
HeapFree
HeapAlloc
HeapFree
HeapAlloc
HeapFree
HeapAlloc
HeapFree
HeapAlloc
HeapFree
HeapAlloc
HeapFree
HeapAlloc
HeapFree
HeapAlloc
HeapFree
HeapAlloc
HeapFree
HeapAlloc
HeapFree
HeapSize
GetModuleFileNameW
HeapFree
CreateFileA
GetFileType
SetFilePointer
HeapAlloc
ReadFile
SetFilePointer
HeapFree
GetModuleFileNameW
CreateFileA
GetFileType
SetFilePointer
HeapAlloc
ReadFile
SetFilePointer
HeapFree
GetModuleFileNameW
CreateFileA
GetFileType
SetFilePointer
HeapAlloc
ReadFile
SetFilePointer
HeapFree
GetModuleFileNameW
CreateFileA
GetFileType
SetFilePointer
HeapAlloc
ReadFile
SetFilePointer
HeapFree
HeapAlloc
HeapFree
HeapAlloc
HeapFree
HeapAlloc
HeapFree
HeapAlloc
HeapFree
HeapAlloc
HeapFree
HeapAlloc
HeapFree
HeapAlloc
HeapFree
HeapAlloc
HeapFree
HeapAlloc
GetModuleFileNameW
HeapFree
HeapAlloc
HeapFree
HeapAlloc
HeapFree
HeapAlloc
HeapFree
HeapAlloc
HeapFree
HeapAlloc
HeapFree
HeapAlloc
HeapFree
HeapAlloc
HeapFree
HeapAlloc
HeapFree
HeapAlloc
HeapFree
HeapAlloc
HeapFree
HeapAlloc
HeapFree
HeapAlloc
GetModuleFileNameW
HeapAlloc
HeapFree
HeapAlloc
HeapFree
HeapAlloc
HeapFree
HeapAlloc
HeapFree
HeapAlloc
IsBadReadPtr
HeapFree
IsBadReadPtr
HeapFree
IsBadReadPtr
HeapAlloc
IsBadReadPtr
HeapAlloc
IsBadReadPtr
HeapFree
IsBadWritePtr
HeapFree
IsBadReadPtr
GetModuleFileNameW
CreateFileA
GetFileType
SetFilePointer
HeapAlloc
ReadFile
SetFilePointer
HeapFree
GetModuleFileNameW
CreateFileA
GetFileType
SetFilePointer
HeapAlloc
ReadFile
SetFilePointer
HeapFree
GetModuleFileNameW
CreateFileA
GetFileType
SetFilePointer
HeapAlloc
ReadFile
SetFilePointer
HeapFree
HeapAlloc
HeapFree
HeapAlloc
HeapFree
HeapAlloc
HeapFree
HeapAlloc
HeapFree
HeapAlloc
HeapFree
HeapAlloc
HeapFree
HeapAlloc
HeapFree
HeapAlloc
HeapFree
HeapAlloc
HeapFree
HeapAlloc
HeapFree
HeapAlloc
HeapFree
HeapSize
GetModuleFileNameW
HeapFree
CreateFileA
GetFileType
SetFilePointer
HeapAlloc
ReadFile
SetFilePointer
HeapFree
HeapAlloc
HeapFree
HeapAlloc
HeapFree
HeapAlloc
HeapFree
HeapAlloc
HeapFree
HeapAlloc
HeapFree
HeapAlloc
HeapFree
HeapAlloc
HeapFree
HeapAlloc
HeapFree
HeapAlloc
GetModuleFileNameW
HeapFree
HeapAlloc
HeapFree
HeapAlloc
HeapFree
HeapAlloc
HeapFree
HeapAlloc
HeapFree
HeapAlloc
HeapFree
HeapAlloc
HeapFree
HeapAlloc
HeapFree
HeapAlloc
HeapFree
HeapAlloc
HeapFree
HeapAlloc
HeapFree
HeapAlloc
HeapFree
HeapAlloc
GetModuleFileNameW
HeapFree
HeapAlloc
HeapFree
HeapAlloc
HeapFree
HeapAlloc
HeapFree
GetModuleFileNameW
CreateFileA
GetFileType
SetFilePointer
HeapAlloc
ReadFile
SetFilePointer
HeapFree
HeapAlloc
HeapFree
HeapAlloc
HeapFree
HeapAlloc
HeapFree
HeapAlloc
HeapFree
HeapAlloc
HeapFree
HeapAlloc
HeapFree
HeapAlloc
HeapFree
HeapAlloc
HeapFree
HeapAlloc
HeapFree
HeapAlloc
HeapFree
HeapAlloc
HeapFree
IsBadReadPtr
HeapFree
IsBadReadPtr
HeapFree
IsBadReadPtr
HeapFree
IsBadReadPtr
HeapAlloc
IsBadReadPtr
HeapAlloc
IsBadWritePtr
HeapAlloc
IsBadReadPtr
HeapAlloc
HeapFree
HeapAlloc
HeapFree
HeapAlloc
HeapFree
HeapSize
GetModuleFileNameW
HeapFree
CreateFileA
GetFileType
SetFilePointer
HeapAlloc
ReadFile
SetFilePointer
HeapFree
HeapAlloc
HeapFree
HeapAlloc
HeapFree
HeapAlloc
HeapFree
HeapAlloc
HeapFree
HeapSize
GetModuleFileNameW
HeapFree
CreateFileA
GetFileType
SetFilePointer
HeapAlloc
ReadFile
SetFilePointer
HeapFree
HeapAlloc
HeapFree
HeapAlloc
HeapFree
HeapAlloc
HeapFree
HeapAlloc
HeapFree
HeapAlloc
HeapFree
HeapAlloc
HeapFree
HeapAlloc
HeapFree
HeapAlloc
HeapFree
HeapAlloc
HeapFree
HeapSize
GetModuleFileNameW
HeapFree
CreateFileA
GetFileType
SetFilePointer
HeapAlloc
ReadFile
SetFilePointer
HeapFree
GetModuleFileNameW
CreateFileA
GetFileType
SetFilePointer
HeapAlloc
ReadFile
SetFilePointer
HeapFree
GetModuleFileNameW
CreateFileA
GetFileType
SetFilePointer
HeapAlloc
ReadFile
SetFilePointer
HeapFree
IsBadReadPtr
GetModuleFileNameW
CreateFileA
IsBadReadPtr
GetFileType
IsBadReadPtr
SetFilePointer
IsBadReadPtr
HeapAlloc
IsBadReadPtr
ReadFile
IsBadWritePtr
SetFilePointer
IsBadReadPtr
HeapFree
IsBadReadPtr
IsBadWritePtr
IsBadReadPtr
IsBadWritePtr
IsBadReadPtr
IsBadWritePtr
IsBadReadPtr
IsBadWritePtr
IsBadReadPtr
IsBadWritePtr
IsBadReadPtr
HeapAlloc
HeapFree
HeapAlloc
HeapFree
HeapAlloc
HeapFree
HeapAlloc
GetModuleFileNameW
HeapFree
HeapAlloc
HeapFree
HeapAlloc
HeapFree
HeapAlloc
HeapFree
HeapAlloc
HeapFree
HeapAlloc
HeapFree
HeapAlloc
HeapFree
HeapAlloc
GetModuleFileNameW
HeapFree
HeapAlloc
HeapFree
HeapAlloc
HeapFree
HeapAlloc
HeapFree
HeapAlloc
HeapFree
HeapAlloc
HeapFree
HeapAlloc
HeapFree
HeapAlloc
HeapFree
GetModuleFileNameW
HeapFree
HeapAlloc
HeapFree
HeapAlloc
HeapFree
HeapAlloc
HeapFree
IsBadReadPtr
HeapFree
IsBadReadPtr
HeapAlloc
IsBadReadPtr
HeapAlloc
IsBadReadPtr
HeapFree
IsBadReadPtr
HeapFree
IsBadWritePtr
HeapAlloc
IsBadReadPtr
HeapAlloc
HeapFree
HeapAlloc
HeapFree
HeapAlloc
HeapFree
HeapAlloc
HeapFree
HeapAlloc
GetModuleFileNameW
HeapFree
HeapAlloc
HeapFree
HeapAlloc
HeapFree
HeapAlloc
HeapFree
HeapAlloc
HeapFree
HeapAlloc
HeapFree
HeapAlloc
HeapFree
HeapAlloc
GetModuleFileNameW
HeapFree
HeapAlloc
HeapFree
HeapAlloc
HeapFree
HeapAlloc
HeapFree
HeapAlloc
HeapFree
HeapAlloc
HeapFree
HeapAlloc
HeapFree
HeapAlloc
GetModuleFileNameW
HeapFree
HeapAlloc
HeapFree
HeapAlloc
HeapFree
HeapAlloc
HeapFree
HeapAlloc
HeapFree
HeapAlloc
HeapFree
HeapAlloc
HeapFree
HeapAlloc
GetModuleFileNameW
HeapFree
HeapAlloc
HeapFree
HeapAlloc
HeapFree
HeapAlloc
HeapFree
HeapAlloc
HeapFree
HeapAlloc
HeapFree
HeapAlloc
HeapFree
HeapAlloc
GetModuleFileNameW
HeapFree
HeapAlloc
HeapFree
HeapAlloc
HeapFree
HeapAlloc
HeapFree
HeapAlloc
HeapFree
HeapAlloc
HeapFree
HeapAlloc
HeapFree
HeapAlloc
GetModuleFileNameW
HeapFree
HeapAlloc
HeapFree
HeapAlloc
HeapFree
HeapAlloc
HeapFree
HeapAlloc
HeapFree
HeapAlloc
HeapFree
HeapAlloc
HeapFree
HeapAlloc
GetModuleFileNameW
HeapFree
HeapAlloc
HeapFree
HeapAlloc
HeapFree
HeapAlloc
HeapFree
HeapAlloc
HeapFree
HeapAlloc
HeapFree
HeapAlloc
HeapFree
HeapAlloc
GetModuleFileNameW
HeapFree
HeapAlloc
HeapFree
HeapAlloc
HeapFree
HeapAlloc
HeapFree
HeapAlloc
HeapFree
HeapAlloc
HeapFree
HeapAlloc
HeapFree
HeapAlloc
GetModuleFileNameW
HeapFree
HeapAlloc
HeapFree
HeapAlloc
HeapFree
HeapAlloc
HeapFree
HeapAlloc
HeapFree
HeapAlloc
HeapFree
HeapAlloc
HeapFree
HeapAlloc
GetModuleFileNameW
HeapFree
HeapAlloc
HeapFree
HeapAlloc
HeapFree
HeapAlloc
HeapFree
HeapAlloc
HeapFree
HeapAlloc
HeapFree
HeapAlloc
HeapFree
HeapAlloc
GetModuleFileNameW
HeapFree
HeapAlloc
HeapFree
HeapAlloc
HeapFree
HeapAlloc
HeapFree
HeapAlloc
HeapFree
HeapAlloc
HeapFree
HeapAlloc
HeapFree
HeapAlloc
GetModuleFileNameW
HeapFree
HeapAlloc
HeapFree
HeapAlloc
HeapFree
HeapAlloc
HeapFree
HeapAlloc
HeapFree
HeapAlloc
HeapFree
HeapAlloc
HeapFree
HeapAlloc
GetModuleFileNameW
HeapFree
HeapAlloc
HeapFree
HeapAlloc
HeapFree
HeapAlloc
HeapFree
HeapAlloc
HeapFree
HeapAlloc
HeapFree
HeapAlloc
HeapFree
HeapAlloc
GetModuleFileNameW
HeapFree
HeapAlloc
HeapFree
HeapAlloc
HeapFree
HeapAlloc
HeapFree
HeapAlloc
HeapFree
HeapAlloc
HeapFree
HeapAlloc
HeapFree
HeapAlloc
GetModuleFileNameW
HeapFree
HeapAlloc
HeapFree
HeapAlloc
HeapFree
HeapAlloc
HeapFree
HeapAlloc
HeapFree
HeapAlloc
HeapFree
HeapAlloc
HeapFree
HeapAlloc
GetModuleFileNameW
HeapFree
HeapAlloc
HeapFree
HeapAlloc
HeapFree
HeapAlloc
HeapFree
HeapAlloc
HeapFree
HeapAlloc
HeapFree
HeapAlloc
HeapFree
HeapAlloc
HeapFree
GetModuleFileNameW
CreateFileA
GetFileType
SetFilePointer
HeapAlloc
ReadFile
SetFilePointer
HeapFree
HeapAlloc
HeapFree
GetModuleFileNameW
HeapAlloc
CreateFileA
GetFileType
HeapFree
SetFilePointer
HeapAlloc
ReadFile
HeapAlloc
SetFilePointer
HeapFree
IsBadReadPtr
GetModuleFileNameW
IsBadReadPtr
CreateFileA
IsBadReadPtr
GetFileType
IsBadReadPtr
SetFilePointer
IsBadReadPtr
HeapAlloc
IsBadWritePtr
ReadFile
SetFilePointer
IsBadReadPtr
HeapFree
GetModuleFileNameW
CreateFileA
GetFileType
SetFilePointer
HeapAlloc
ReadFile
SetFilePointer
HeapFree
GetModuleFileNameW
CreateFileA
GetFileType
SetFilePointer
HeapAlloc
ReadFile
SetFilePointer
HeapFree
HeapAlloc
HeapFree
HeapAlloc
HeapFree
HeapAlloc
HeapFree
HeapAlloc
HeapFree
HeapAlloc
HeapFree
HeapAlloc
HeapFree
HeapAlloc
HeapFree
HeapAlloc
HeapFree
HeapAlloc
HeapFree
HeapAlloc
HeapFree
HeapAlloc
HeapFree
HeapSize
GetModuleFileNameW
HeapFree
CreateFileA
GetFileType
SetFilePointer
HeapAlloc
ReadFile
SetFilePointer
HeapFree
HeapAlloc
HeapFree
HeapAlloc
HeapFree
HeapAlloc
HeapFree
HeapAlloc
HeapFree
HeapAlloc
HeapFree
HeapSize
GetModuleFileNameW
HeapFree
CreateFileA
GetFileType
SetFilePointer
HeapAlloc
ReadFile
SetFilePointer
HeapFree
HeapAlloc
HeapFree
HeapAlloc
HeapFree
HeapAlloc
HeapFree
HeapAlloc
HeapFree
HeapAlloc
HeapFree
HeapAlloc
HeapFree
HeapAlloc
HeapFree
HeapAlloc
HeapFree
HeapAlloc
HeapFree
HeapAlloc
HeapFree
HeapSize
GetModuleFileNameW
HeapFree
CreateFileA
GetFileType
SetFilePointer
HeapAlloc
ReadFile
SetFilePointer
HeapFree
HeapAlloc
HeapFree
HeapAlloc
HeapFree
HeapAlloc
HeapFree
HeapAlloc
HeapFree
HeapAlloc
HeapFree
HeapAlloc
HeapFree
HeapAlloc
HeapFree
HeapAlloc
HeapFree
HeapAlloc
HeapFree
HeapAlloc
HeapFree
HeapAlloc
HeapFree
HeapAlloc
HeapFree
HeapAlloc
HeapFree
HeapAlloc
HeapFree
HeapSize
GetModuleFileNameW
HeapFree
CreateFileA
GetFileType
SetFilePointer
HeapAlloc
ReadFile
SetFilePointer
HeapFree
HeapAlloc
HeapFree
GetModuleFileNameW
CreateFileA
GetFileType
SetFilePointer
HeapAlloc
ReadFile
SetFilePointer
HeapFree
HeapAlloc
HeapFree
GetModuleFileNameW
CreateFileA
GetFileType
SetFilePointer
HeapAlloc
ReadFile
SetFilePointer
HeapFree
GetModuleFileNameW
CreateFileA
GetFileType
SetFilePointer
HeapAlloc
ReadFile
SetFilePointer
HeapFree
HeapSize
HeapAlloc
HeapFree
HeapAlloc
HeapFree
HeapAlloc
HeapFree
HeapAlloc
HeapFree
HeapAlloc
HeapFree
HeapAlloc
HeapFree
HeapAlloc
HeapFree
HeapAlloc
HeapFree
HeapAlloc
HeapFree
HeapAlloc
HeapFree
HeapAlloc
HeapFree
HeapAlloc
HeapFree
HeapAlloc
HeapFree
HeapAlloc
HeapFree
HeapAlloc
HeapFree
HeapAlloc
HeapFree
HeapAlloc
HeapFree
HeapSize
GetModuleFileNameW
HeapFree
CreateFileA
GetFileType
SetFilePointer
HeapAlloc
ReadFile
SetFilePointer
HeapFree
GetModuleFileNameW
HeapAlloc
GetModuleFileNameW
HeapFree
CreateFileA
GetFileType
SetFilePointer
HeapAlloc
ReadFile
SetFilePointer
HeapFree
GetModuleFileNameW
CreateFileA
GetFileType
SetFilePointer
HeapAlloc
ReadFile
SetFilePointer
HeapFree
HeapAlloc
GetModuleFileNameW
HeapFree
CreateFileA
HeapAlloc
GetFileType
HeapAlloc
SetFilePointer
HeapFree
HeapAlloc
HeapFree
ReadFile
IsBadReadPtr
SetFilePointer
IsBadReadPtr
HeapFree
IsBadReadPtr
GetModuleFileNameW
IsBadReadPtr
CreateFileA
IsBadWritePtr
GetFileType
IsBadReadPtr
SetFilePointer
HeapAlloc
ReadFile
SetFilePointer
HeapFree
HeapAlloc
HeapFree
HeapAlloc
HeapFree
HeapAlloc
HeapFree
HeapAlloc
HeapFree
HeapAlloc
HeapFree
HeapAlloc
HeapFree
HeapAlloc
HeapFree
HeapAlloc
HeapFree
HeapAlloc
HeapFree
HeapAlloc
HeapFree
HeapAlloc
HeapFree
HeapSize
GetModuleFileNameW
HeapFree
CreateFileA
GetFileType
SetFilePointer
HeapAlloc
ReadFile
SetFilePointer
HeapFree
GetModuleFileNameW
CreateFileA
GetFileType
SetFilePointer
HeapAlloc
ReadFile
SetFilePointer
HeapFree
HeapAlloc
HeapFree
HeapAlloc
HeapFree
HeapAlloc
HeapFree
HeapAlloc
HeapFree
HeapAlloc
HeapFree
HeapAlloc
HeapFree
HeapAlloc
HeapFree
HeapAlloc
HeapFree
HeapAlloc
HeapFree
HeapSize
GetModuleFileNameW
HeapFree
CreateFileA
GetFileType
SetFilePointer
HeapAlloc
ReadFile
SetFilePointer
HeapFree
GetModuleFileNameW
CreateFileA
GetFileType
SetFilePointer
HeapAlloc
ReadFile
SetFilePointer
HeapFree
GetModuleFileNameW
CreateFileA
GetFileType
SetFilePointer
HeapAlloc
ReadFile
SetFilePointer
HeapFree
HeapAlloc
HeapFree
HeapAlloc
HeapFree
HeapAlloc
HeapFree
HeapAlloc
HeapFree
HeapAlloc
HeapFree
HeapAlloc
HeapFree
HeapAlloc
HeapFree
HeapAlloc
HeapFree
HeapAlloc
HeapFree
HeapAlloc
HeapFree
HeapAlloc
HeapFree
HeapAlloc
HeapFree
HeapAlloc
HeapFree
HeapSize
GetModuleFileNameW
HeapFree
CreateFileA
GetFileType
SetFilePointer
HeapAlloc
ReadFile
SetFilePointer
HeapFree
GetModuleFileNameW
CreateFileA
GetFileType
SetFilePointer
HeapAlloc
ReadFile
SetFilePointer
HeapFree
GetModuleFileNameW
CreateFileA
GetFileType
SetFilePointer
HeapAlloc
ReadFile
SetFilePointer
HeapFree
GetModuleFileNameW
CreateFileA
GetFileType
SetFilePointer
HeapAlloc
ReadFile
SetFilePointer
HeapFree
GetModuleFileNameW
CreateFileA
GetFileType
SetFilePointer
HeapAlloc
ReadFile
SetFilePointer
HeapFree
GetModuleFileNameW
CreateFileA
GetFileType
SetFilePointer
HeapAlloc
ReadFile
SetFilePointer
HeapFree
GetModuleFileNameW
CreateFileA
GetFileType
SetFilePointer
HeapAlloc
ReadFile
SetFilePointer
HeapFree
HeapAlloc
HeapFree
HeapAlloc
HeapFree
HeapAlloc
HeapFree
HeapAlloc
HeapFree
HeapAlloc
HeapFree
HeapAlloc
HeapFree
HeapSize
HeapAlloc
HeapFree
GetModuleFileNameW
HeapAlloc
HeapFree
HeapAlloc
CreateFileA
HeapFree
GetFileType
HeapFree
SetFilePointer
IsBadReadPtr
HeapAlloc
IsBadReadPtr
ReadFile
IsBadReadPtr
SetFilePointer
IsBadReadPtr
HeapFree
IsBadReadPtr
IsBadWritePtr
GetModuleFileNameW
IsBadReadPtr
CreateFileA
GetFileType
SetFilePointer
HeapAlloc
ReadFile
SetFilePointer
HeapFree
GetModuleFileNameW
CreateFileA
GetFileType
SetFilePointer
HeapAlloc
ReadFile
SetFilePointer
HeapFree
GetModuleFileNameW
CreateFileA
GetFileType
SetFilePointer
HeapAlloc
ReadFile
SetFilePointer
HeapFree
GetModuleFileNameW
CreateFileA
GetFileType
SetFilePointer
HeapAlloc
ReadFile
SetFilePointer
HeapFree
GetModuleFileNameW
CreateFileA
GetFileType
SetFilePointer
HeapAlloc
ReadFile
SetFilePointer
HeapFree
GetModuleFileNameW
CreateFileA
GetFileType
SetFilePointer
HeapAlloc
ReadFile
SetFilePointer
HeapFree
HeapAlloc
HeapFree
HeapAlloc
HeapFree
HeapAlloc
HeapFree
HeapAlloc
HeapFree
HeapAlloc
HeapFree
HeapAlloc
HeapFree
HeapAlloc
HeapFree
HeapSize
GetModuleFileNameW
HeapFree
CreateFileA
GetFileType
SetFilePointer
HeapAlloc
ReadFile
SetFilePointer
HeapFree
GetModuleFileNameW
CreateFileA
GetFileType
SetFilePointer
HeapAlloc
ReadFile
SetFilePointer
HeapFree
GetModuleFileNameW
CreateFileA
GetFileType
SetFilePointer
HeapAlloc
ReadFile
SetFilePointer
HeapFree
HeapAlloc
HeapFree
HeapAlloc
HeapFree
HeapAlloc
HeapFree
HeapAlloc
HeapFree
HeapAlloc
HeapFree
HeapAlloc
HeapFree
HeapAlloc
HeapFree
HeapAlloc
HeapFree
HeapAlloc
HeapFree
HeapAlloc
HeapFree
HeapAlloc
HeapFree
HeapSize
GetModuleFileNameW
HeapFree
CreateFileA
GetFileType
SetFilePointer
HeapAlloc
ReadFile
SetFilePointer
HeapFree
HeapAlloc
GetModuleFileNameW
CreateFileA
GetFileType
SetFilePointer
HeapAlloc
ReadFile
SetFilePointer
HeapFree
GetModuleFileNameW
CreateFileA
GetFileType
SetFilePointer
HeapAlloc
ReadFile
SetFilePointer
HeapFree
GetModuleFileNameW
CreateFileA
GetFileType
SetFilePointer
HeapAlloc
ReadFile
SetFilePointer
HeapFree
GetModuleFileNameW
CreateFileA
GetFileType
SetFilePointer
HeapAlloc
ReadFile
SetFilePointer
HeapFree
GetModuleFileNameW
CreateFileA
GetFileType
SetFilePointer
HeapAlloc
ReadFile
SetFilePointer
HeapFree
HeapAlloc
HeapFree
HeapAlloc
HeapFree
HeapAlloc
HeapFree
HeapAlloc
HeapFree
HeapAlloc
HeapFree
HeapAlloc
HeapFree
HeapAlloc
HeapFree
HeapAlloc
HeapFree
HeapAlloc
HeapFree
HeapSize
GetModuleFileNameW
HeapFree
CreateFileA
GetFileType
SetFilePointer
HeapAlloc
ReadFile
SetFilePointer
HeapFree
GetModuleFileNameW
CreateFileA
GetFileType
SetFilePointer
HeapAlloc
ReadFile
SetFilePointer
HeapFree
HeapAlloc
HeapFree
HeapAlloc
HeapFree
HeapAlloc
HeapFree
HeapAlloc
HeapFree
HeapAlloc
HeapFree
HeapAlloc
HeapFree
HeapSize
HeapAlloc
GetModuleFileNameW
HeapFree
HeapAlloc
CreateFileA
HeapAlloc
GetFileType
HeapFree
SetFilePointer
HeapFree
HeapAlloc
IsBadReadPtr
ReadFile
IsBadReadPtr
SetFilePointer
IsBadReadPtr
HeapFree
IsBadReadPtr
GetModuleFileNameW
IsBadWritePtr
CreateFileA
IsBadReadPtr
GetFileType
SetFilePointer
HeapAlloc
ReadFile
SetFilePointer
HeapFree
GetModuleFileNameW
CreateFileA
GetFileType
SetFilePointer
HeapAlloc
ReadFile
SetFilePointer
HeapFree
HeapAlloc
HeapFree
HeapAlloc
HeapFree
HeapAlloc
HeapFree
HeapAlloc
HeapFree
HeapAlloc
HeapFree
HeapAlloc
HeapFree
HeapAlloc
HeapFree
HeapSize
GetModuleFileNameW
HeapFree
CreateFileA
GetFileType
SetFilePointer
HeapAlloc
ReadFile
SetFilePointer
HeapFree
GetModuleFileNameW
CreateFileA
GetFileType
SetFilePointer
HeapAlloc
ReadFile
SetFilePointer
HeapFree
HeapAlloc
HeapFree
HeapAlloc
HeapFree
HeapSize
GetModuleFileNameW
HeapFree
CreateFileA
GetFileType
SetFilePointer
HeapAlloc
ReadFile
SetFilePointer
HeapFree
GetModuleFileNameW
CreateFileA
GetFileType
SetFilePointer
HeapAlloc
ReadFile
SetFilePointer
HeapFree
GetModuleFileNameW
CreateFileA
GetFileType
SetFilePointer
HeapAlloc
ReadFile
SetFilePointer
HeapFree
HeapAlloc
HeapFree
HeapAlloc
HeapFree
HeapAlloc
HeapFree
HeapAlloc
HeapFree
HeapSize
GetModuleFileNameW
HeapFree
CreateFileA
GetFileType
SetFilePointer
HeapAlloc
ReadFile
SetFilePointer
HeapFree
GetModuleFileNameW
CreateFileA
GetFileType
SetFilePointer
HeapAlloc
ReadFile
SetFilePointer
HeapFree
HeapAlloc
HeapFree
HeapAlloc
HeapFree
HeapAlloc
HeapFree
HeapAlloc
HeapFree
HeapSize
GetModuleFileNameW
HeapFree
CreateFileA
GetFileType
SetFilePointer
HeapAlloc
ReadFile
SetFilePointer
HeapFree
GetModuleFileNameW
CreateFileA
GetFileType
SetFilePointer
HeapAlloc
ReadFile
SetFilePointer
HeapFree
GetModuleFileNameW
CreateFileA
GetFileType
SetFilePointer
HeapAlloc
ReadFile
SetFilePointer
HeapFree
GetModuleFileNameW
CreateFileA
GetFileType
SetFilePointer
HeapAlloc
ReadFile
SetFilePointer
HeapFree
GetModuleFileNameW
CreateFileA
GetFileType
SetFilePointer
HeapAlloc
ReadFile
SetFilePointer
HeapFree
GetModuleFileNameW
CreateFileA
GetFileType
SetFilePointer
HeapAlloc
ReadFile
SetFilePointer
HeapFree
GetModuleFileNameW
CreateFileA
GetFileType
SetFilePointer
HeapAlloc
ReadFile
SetFilePointer
HeapFree
GetModuleFileNameW
CreateFileA
GetFileType
SetFilePointer
HeapAlloc
ReadFile
SetFilePointer
HeapFree
HeapAlloc
HeapFree
HeapAlloc
HeapFree
HeapAlloc
HeapFree
HeapAlloc
HeapFree
HeapAlloc
HeapFree
HeapAlloc
HeapFree
HeapAlloc
HeapFree
HeapAlloc
HeapFree
HeapAlloc
HeapFree
HeapAlloc
HeapFree
HeapAlloc
HeapFree
HeapAlloc
HeapFree
HeapAlloc
HeapFree
HeapSize
GetModuleFileNameW
HeapFree
HeapAlloc
CreateFileA
GetFileType
HeapFree
SetFilePointer
HeapAlloc
ReadFile
HeapFree
SetFilePointer
HeapFree
IsBadReadPtr
GetModuleFileNameW
IsBadReadPtr
CreateFileA
IsBadWritePtr
GetFileType
IsBadReadPtr
SetFilePointer
HeapAlloc
ReadFile
SetFilePointer
HeapFree
GetModuleFileNameW
CreateFileA
GetFileType
SetFilePointer
HeapAlloc
ReadFile
SetFilePointer
HeapFree
GetModuleFileNameW
CreateFileA
GetFileType
SetFilePointer
HeapAlloc
ReadFile
SetFilePointer
HeapFree
GetModuleFileNameW
CreateFileA
GetFileType
SetFilePointer
HeapAlloc
ReadFile
SetFilePointer
HeapFree
GetModuleFileNameW
CreateFileA
GetFileType
SetFilePointer
HeapAlloc
ReadFile
SetFilePointer
HeapFree
GetModuleFileNameW
CreateFileA
GetFileType
SetFilePointer
HeapAlloc
ReadFile
SetFilePointer
HeapFree
GetModuleFileNameW
CreateFileA
GetFileType
SetFilePointer
HeapAlloc
ReadFile
SetFilePointer
HeapFree
HeapAlloc
HeapFree
HeapAlloc
HeapFree
HeapAlloc
HeapFree
HeapAlloc
HeapFree
HeapAlloc
HeapFree
HeapAlloc
HeapFree
HeapAlloc
HeapFree
HeapAlloc
HeapFree
HeapAlloc
HeapFree
HeapSize
GetModuleFileNameW
HeapFree
CreateFileA
GetFileType
SetFilePointer
HeapAlloc
ReadFile
SetFilePointer
HeapFree
GetModuleFileNameW
CreateFileA
GetFileType
SetFilePointer
HeapAlloc
ReadFile
SetFilePointer
HeapFree
GetModuleFileNameW
CreateFileA
GetFileType
SetFilePointer
HeapAlloc
ReadFile
SetFilePointer
HeapFree
GetModuleFileNameW
CreateFileA
GetFileType
SetFilePointer
HeapAlloc
ReadFile
SetFilePointer
HeapFree
GetModuleFileNameW
CreateFileA
GetFileType
SetFilePointer
HeapAlloc
ReadFile
SetFilePointer
HeapFree
GetModuleFileNameW
CreateFileA
GetFileType
SetFilePointer
HeapAlloc
ReadFile
SetFilePointer
HeapFree
GetModuleFileNameW
CreateFileA
GetFileType
SetFilePointer
HeapAlloc
ReadFile
SetFilePointer
HeapFree
HeapAlloc
HeapFree
HeapAlloc
HeapFree
HeapAlloc
HeapFree
HeapAlloc
HeapFree
HeapSize
GetModuleFileNameW
HeapFree
CreateFileA
GetFileType
SetFilePointer
HeapAlloc
ReadFile
SetFilePointer
HeapFree
HeapAlloc
HeapFree
HeapAlloc
HeapFree
HeapSize
GetModuleFileNameW
HeapFree
CreateFileA
GetFileType
SetFilePointer
HeapAlloc
ReadFile
SetFilePointer
HeapFree
HeapAlloc
HeapFree
HeapAlloc
HeapFree
HeapSize
GetModuleFileNameW
HeapFree
CreateFileA
GetFileType
SetFilePointer
HeapAlloc
ReadFile
SetFilePointer
HeapFree
HeapAlloc
HeapFree
HeapAlloc
HeapFree
HeapSize
GetModuleFileNameW
HeapFree
CreateFileA
GetFileType
SetFilePointer
HeapAlloc
ReadFile
SetFilePointer
HeapFree
GetModuleFileNameW
CreateFileA
GetFileType
SetFilePointer
HeapAlloc
ReadFile
SetFilePointer
HeapFree
GetModuleFileNameW
CreateFileA
GetFileType
SetFilePointer
HeapAlloc
ReadFile
SetFilePointer
HeapFree
HeapAlloc
HeapFree
HeapAlloc
HeapFree
HeapSize
GetModuleFileNameW
HeapFree
CreateFileA
GetFileType
SetFilePointer
HeapAlloc
ReadFile
SetFilePointer
HeapFree
HeapAlloc
GetModuleFileNameW
CreateFileA
HeapFree
GetFileType
SetFilePointer
HeapAlloc
ReadFile
SetFilePointer
HeapFree
GetModuleFileNameW
CreateFileA
IsBadReadPtr
GetFileType
IsBadReadPtr
SetFilePointer
IsBadReadPtr
HeapAlloc
IsBadReadPtr
ReadFile
IsBadReadPtr
ReadFile
IsBadWritePtr
SetFilePointer
IsBadReadPtr
HeapFree
HeapAlloc
HeapFree
HeapAlloc
HeapFree
HeapAlloc
HeapFree
HeapAlloc
HeapFree
HeapAlloc
HeapFree
HeapAlloc
HeapFree
HeapAlloc
HeapFree
HeapAlloc
HeapFree
HeapAlloc
HeapFree
HeapAlloc
HeapFree
HeapAlloc
HeapFree
HeapAlloc
HeapFree
HeapAlloc
HeapFree
HeapSize
GetModuleFileNameW
HeapFree
CreateFileA
GetFileType
SetFilePointer
HeapAlloc
ReadFile
SetFilePointer
HeapFree
HeapSize
HeapAlloc
HeapFree
HeapAlloc
HeapFree
HeapAlloc
HeapFree
HeapAlloc
HeapFree
HeapAlloc
HeapFree
HeapAlloc
HeapFree
HeapAlloc
HeapFree
HeapAlloc
HeapFree
HeapAlloc
HeapFree
HeapAlloc
HeapFree
HeapAlloc
HeapFree
HeapAlloc
HeapFree
HeapAlloc
HeapFree
HeapAlloc
HeapFree
HeapAlloc
HeapFree
HeapAlloc
HeapFree
HeapAlloc
HeapFree
HeapAlloc
HeapFree
HeapAlloc
HeapFree
HeapAlloc
HeapFree
HeapSize
GetModuleFileNameW
HeapFree
CreateFileA
GetFileType
SetFilePointer
HeapAlloc
ReadFile
SetFilePointer
HeapFree
GetModuleFileNameW
CreateFileA
GetFileType
SetFilePointer
HeapAlloc
ReadFile
SetFilePointer
HeapFree
GetModuleFileNameW
CreateFileA
GetFileType
SetFilePointer
HeapAlloc
ReadFile
SetFilePointer
HeapFree
GetModuleFileNameW
CreateFileA
GetFileType
SetFilePointer
HeapAlloc
ReadFile
SetFilePointer
HeapFree
GetModuleFileNameW
CreateFileA
GetFileType
SetFilePointer
HeapAlloc
ReadFile
SetFilePointer
HeapFree
HeapAlloc
HeapFree
HeapAlloc
HeapFree
HeapAlloc
HeapFree
HeapAlloc
HeapFree
HeapSize
GetModuleFileNameW
HeapFree
CreateFileA
GetFileType
SetFilePointer
HeapAlloc
ReadFile
SetFilePointer
HeapFree
GetModuleFileNameW
CreateFileA
GetFileType
SetFilePointer
HeapAlloc
ReadFile
SetFilePointer
HeapFree
HeapAlloc
HeapFree
HeapAlloc
HeapFree
HeapAlloc
HeapFree
HeapAlloc
HeapFree
HeapSize
GetModuleFileNameW
HeapFree
CreateFileA
GetFileType
SetFilePointer
HeapAlloc
ReadFile
SetFilePointer
HeapFree
GetModuleFileNameW
CreateFileA
GetFileType
SetFilePointer
HeapAlloc
ReadFile
SetFilePointer
HeapFree
GetModuleFileNameW
CreateFileA
GetFileType
SetFilePointer
HeapAlloc
ReadFile
SetFilePointer
HeapFree
GetModuleFileNameW
CreateFileA
GetFileType
SetFilePointer
HeapAlloc
ReadFile
SetFilePointer
HeapFree
GetModuleFileNameW
CreateFileA
GetFileType
SetFilePointer
HeapAlloc
ReadFile
SetFilePointer
HeapFree
GetModuleFileNameW
CreateFileA
GetFileType
SetFilePointer
HeapAlloc
ReadFile
SetFilePointer
HeapFree
GetModuleFileNameW
CreateFileA
GetFileType
SetFilePointer
HeapAlloc
ReadFile
SetFilePointer
HeapFree
HeapAlloc
GetModuleFileNameW
CreateFileA
GetFileType
SetFilePointer
HeapFree
HeapAlloc
ReadFile
HeapAlloc
SetFilePointer
HeapFree
HeapAlloc
GetModuleFileNameW
HeapFree
CreateFileA
HeapFree
GetFileType
IsBadReadPtr
SetFilePointer
IsBadReadPtr
HeapAlloc
IsBadReadPtr
ReadFile
IsBadReadPtr
SetFilePointer
IsBadReadPtr
HeapFree
IsBadWritePtr
GetModuleFileNameW
IsBadReadPtr
CreateFileA
GetFileType
SetFilePointer
HeapAlloc
ReadFile
SetFilePointer
HeapFree
GetModuleFileNameW
CreateFileA
GetFileType
SetFilePointer
HeapAlloc
ReadFile
SetFilePointer
HeapFree
GetModuleFileNameW
CreateFileA
GetFileType
SetFilePointer
HeapAlloc
ReadFile
SetFilePointer
HeapFree
GetModuleFileNameW
CreateFileA
GetFileType
SetFilePointer
HeapAlloc
ReadFile
SetFilePointer
HeapFree
GetModuleFileNameW
CreateFileA
GetFileType
SetFilePointer
HeapAlloc
ReadFile
SetFilePointer
HeapFree
GetModuleFileNameW
CreateFileA
GetFileType
SetFilePointer
HeapAlloc
ReadFile
SetFilePointer
HeapFree
HeapAlloc
HeapFree
HeapAlloc
HeapFree
HeapSize
GetModuleFileNameW
HeapFree
CreateFileA
GetFileType
SetFilePointer
HeapAlloc
ReadFile
SetFilePointer
HeapFree
GetModuleFileNameW
CreateFileA
GetFileType
SetFilePointer
HeapAlloc
ReadFile
SetFilePointer
HeapFree
GetModuleFileNameW
CreateFileA
GetFileType
SetFilePointer
HeapAlloc
ReadFile
SetFilePointer
HeapFree
GetModuleFileNameW
CreateFileA
GetFileType
SetFilePointer
HeapAlloc
ReadFile
SetFilePointer
HeapFree
GetModuleFileNameW
CreateFileA
GetFileType
SetFilePointer
HeapAlloc
ReadFile
SetFilePointer
HeapFree
GetModuleFileNameW
CreateFileA
GetFileType
SetFilePointer
HeapAlloc
ReadFile
SetFilePointer
HeapFree
HeapAlloc
HeapFree
HeapAlloc
HeapFree
HeapAlloc
HeapFree
HeapSize
GetModuleFileNameW
HeapFree
CreateFileA
GetFileType
SetFilePointer
HeapAlloc
ReadFile
SetFilePointer
HeapFree
GetModuleFileNameW
CreateFileA
GetFileType
SetFilePointer
HeapAlloc
ReadFile
SetFilePointer
HeapFree
GetModuleFileNameW
CreateFileA
GetFileType
SetFilePointer
HeapAlloc
ReadFile
SetFilePointer
HeapFree
GetModuleFileNameW
CreateFileA
GetFileType
SetFilePointer
HeapAlloc
ReadFile
SetFilePointer
HeapFree
GetModuleFileNameW
CreateFileA
GetFileType
SetFilePointer
HeapAlloc
ReadFile
SetFilePointer
HeapFree
GetModuleFileNameW
CreateFileA
GetFileType
SetFilePointer
HeapAlloc
ReadFile
SetFilePointer
HeapFree
GetModuleFileNameW
CreateFileA
GetFileType
SetFilePointer
HeapAlloc
ReadFile
SetFilePointer
HeapFree
GetModuleFileNameW
CreateFileA
GetFileType
SetFilePointer
HeapAlloc
ReadFile
SetFilePointer
HeapFree
HeapAlloc
GetModuleFileNameW
CreateFileA
HeapFree
GetFileType
SetFilePointer
HeapAlloc
ReadFile
HeapFree
SetFilePointer
HeapFree
IsBadReadPtr
GetModuleFileNameW
CreateFileA
IsBadReadPtr
GetFileType
IsBadReadPtr
SetFilePointer
IsBadReadPtr
HeapAlloc
IsBadReadPtr
ReadFile
IsBadWritePtr
ReadFile
IsBadReadPtr
SetFilePointer
HeapFree
HeapAlloc
HeapFree
HeapAlloc
HeapFree
HeapAlloc
HeapFree
HeapAlloc
HeapFree
HeapAlloc
HeapFree
HeapAlloc
HeapFree
HeapAlloc
HeapFree
HeapAlloc
HeapFree
HeapAlloc
HeapFree
HeapAlloc
HeapFree
HeapAlloc
HeapFree
HeapSize
GetModuleFileNameW
HeapFree
CreateFileA
GetFileType
SetFilePointer
HeapAlloc
ReadFile
SetFilePointer
HeapFree
HeapAlloc
HeapFree
HeapAlloc
HeapFree
HeapAlloc
HeapFree
HeapAlloc
HeapFree
HeapAlloc
HeapFree
HeapAlloc
HeapFree
IsBadReadPtr
HeapAlloc
IsBadReadPtr
HeapFree
IsBadReadPtr
HeapAlloc
IsBadReadPtr
HeapFree
IsBadReadPtr
HeapAlloc
IsBadReadPtr
HeapFree
IsBadReadPtr
HeapFree
IsBadReadPtr
HeapFree
IsBadReadPtr
HeapFree
IsBadWritePtr
HeapFree
IsBadReadPtr
HeapFree
IsBadStringPtrW
HeapFree
IsBadReadPtr
HeapFree
IsBadReadPtr
HeapFree
IsBadWritePtr
HeapFree
LocalAlloc
LocalFree
HeapFree
LocalFree
RegCreateKeyExW
HeapAlloc
HeapFree
HeapAlloc
HeapFree
RegSetValueExW
HeapAlloc
HeapFree
RegCloseKey
IsBadWritePtr
IsBadStringPtrW
IsBadReadPtr
IsBadWritePtr
IsBadReadPtr
IsBadWritePtr
IsBadReadPtr
IsBadWritePtr
IsBadReadPtr
IsBadWritePtr
IsBadReadPtr
IsBadWritePtr
IsBadReadPtr
IsBadStringPtrW
IsBadReadPtr
IsBadWritePtr
HeapFree
ExitProcess
HeapAlloc
HeapFree
HeapAlloc
HeapFree
IsBadReadPtr
IsBadWritePtr
IsBadReadPtr
HeapAlloc
HeapFree
HeapAlloc
HeapFree
IsBadReadPtr
IsBadWritePtr
IsBadReadPtr
GetCurrentThread
LocalAlloc
HeapAlloc
HeapFree
LocalFree
HeapFree
HeapAlloc
HeapFree
HeapAlloc
HeapFree
HeapAlloc
HeapFree
IsBadReadPtr
HeapFree
IsBadReadPtr
HeapFree
IsBadReadPtr
HeapFree
IsBadReadPtr
HeapFree
IsBadReadPtr
IsBadWritePtr
IsBadReadPtr
HeapAlloc
HeapFree
HeapAlloc
HeapFree
IsBadReadPtr
IsBadWritePtr
IsBadReadPtr
HeapAlloc
HeapFree
HeapAlloc
HeapFree
IsBadReadPtr
IsBadWritePtr
IsBadReadPtr
HeapAlloc
HeapFree
HeapAlloc
HeapFree
IsBadReadPtr
IsBadWritePtr
IsBadReadPtr
HeapAlloc
HeapFree
HeapAlloc
HeapFree
IsBadReadPtr
IsBadWritePtr
IsBadReadPtr
HeapAlloc
HeapFree
HeapAlloc
HeapFree
IsBadReadPtr
IsBadWritePtr
IsBadReadPtr
HeapAlloc
HeapFree
HeapAlloc
HeapFree
IsBadReadPtr
IsBadWritePtr
IsBadReadPtr
HeapAlloc
HeapFree
