Pattern_Name,Total_Unique_Count,Malicious_Unique_Count,Beneign_Unique_Count
('RegOpenKeyExW';),370,303,67
('LoadLibraryA';),362,296,66
('GetProcAddress';),278,218,60
('RegOpenKeyExA';),372,305,67
('LocalAlloc';),321,274,47
('HeapAlloc';),332,285,47
('HeapFree';),332,285,47
('IsBadReadPtr';),299,252,47
('IsBadWritePtr';),300,253,47
('LocalFree';),320,273,47
('RegQueryValueExW';),351,295,56
('RegCloseKey';),362,305,57
('GetCurrentThread';),298,252,46
('GlobalAlloc';),281,235,46
('GlobalLock';),269,223,46
('GetCurrentThreadId';),332,285,47
('RegQueryValueW';),266,218,48
('GlobalUnlock';),268,222,46
('RegEnumKeyW';),265,219,46
('IsBadStringPtrW';),296,250,46
('GetCurrentProcessId';),311,265,46
('GlobalReAlloc';),260,215,45
('GlobalSize';),257,211,46
('GlobalFree';),276,230,46
('RegEnumValueW';),329,276,53
('GetEnvironmentVariableW';),282,236,46
('RegCreateKeyExW';),216,170,46
('LoadLibraryExW';),289,246,43
('RegSetValueExW';),274,228,46
('CreateProcessW';),263,215,48
('SetThreadPriority';),168,123,45
('OpenProcess';),168,122,46
('GetModuleFileNameW';),184,152,32
('ReadFile';),160,152,8
('LoadLibraryW';),175,137,38
('GetFileAttributesW';),242,242,0
('GetFullPathNameW';),248,248,0
('GetLongPathNameW';),223,223,0
('GetFileAttributesW'; 'GetCurrentThreadId'),238,238,0
('RegCloseKey'; 'LocalAlloc'),315,268,47
('HeapAlloc'; 'RegSetValueExW'),273,227,46
('RegEnumKeyW'; 'GlobalLock'),257,212,45
('GetFullPathNameW'; 'GetCurrentThreadId'),243,243,0
('HeapAlloc'; 'GlobalUnlock'),268,222,46
('HeapFree'; 'SetThreadPriority'),165,120,45
('HeapFree'; 'GetFileAttributesW'),242,242,0
('GetEnvironmentVariableW'; 'GetProcAddress'),172,134,38
('RegCreateKeyExW'; 'HeapFree'),195,150,45
('RegEnumValueW'; 'GetFullPathNameW'),232,232,0
('IsBadStringPtrW'; 'CreateProcessW'),259,213,46
('SetThreadPriority'; 'LocalFree'),166,121,45
('RegQueryValueW'; 'RegOpenKeyExW'),265,218,47
('LocalFree'; 'GetEnvironmentVariableW'),282,236,46
('GetFileAttributesW'; 'RegQueryValueExW'),232,232,0
('GlobalReAlloc'; 'CreateProcessW'),256,211,45
('GlobalUnlock'; 'LocalFree'),265,219,46
('RegOpenKeyExW'; 'LoadLibraryA'),350,286,64
('LocalFree'; 'CreateProcessW'),261,215,46
('RegEnumKeyW'; 'GlobalFree'),257,212,45
('GlobalAlloc'; 'RegQueryValueExW'),272,227,45
('HeapAlloc'; 'GetFullPathNameW'),248,248,0
('LocalAlloc'; 'GetProcAddress'),210,171,39
('HeapFree'; 'LoadLibraryA'),311,266,45
('IsBadWritePtr'; 'LocalFree'),300,253,47
('LocalFree'; 'RegEnumValueW'),283,237,46
('IsBadReadPtr'; 'LoadLibraryExW'),284,243,41
('GetLongPathNameW'; 'GetCurrentProcessId'),217,217,0
('HeapAlloc'; 'RegOpenKeyExA'),321,275,46
('GlobalFree'; 'SetThreadPriority'),163,119,44
('GlobalFree'; 'GetFileAttributesW'),216,216,0
('RegOpenKeyExW'; 'LocalAlloc'),314,267,47
('IsBadStringPtrW'; 'RegOpenKeyExW'),282,236,46
('HeapAlloc'; 'GetLongPathNameW'),223,223,0
('RegQueryValueExW'; 'LocalAlloc'),307,260,47
('GlobalReAlloc'; 'RegOpenKeyExW'),260,215,45
('RegSetValueExW'; 'RegQueryValueExW'),271,226,45
('HeapFree'; 'LocalAlloc'),321,274,47
('GetEnvironmentVariableW'; 'OpenProcess'),166,120,46
('GetLongPathNameW'; 'IsBadWritePtr'),215,215,0
('CreateProcessW'; 'LocalFree'),261,215,46
('RegOpenKeyExA'; 'RegCloseKey'),359,303,56
('GlobalFree'; 'LoadLibraryA'),264,220,44
('GetProcAddress'; 'RegQueryValueExW'),241,194,47
('IsBadReadPtr'; 'GetFullPathNameW'),245,245,0
('RegEnumKeyW'; 'RegCreateKeyExW'),182,137,45
('GlobalSize'; 'RegEnumValueW'),256,211,45
('RegEnumKeyW'; 'GlobalSize'),256,211,45
('GetLongPathNameW'; 'GetCurrentThread'),210,210,0
('GetCurrentProcessId'; 'GetCurrentProcessId'),305,260,45
('GetCurrentProcessId'; 'IsBadReadPtr'),289,243,46
('LocalAlloc'; 'OpenProcess'),168,122,46
('IsBadStringPtrW'; 'LocalFree'),296,250,46
('OpenProcess'; 'HeapAlloc'),166,120,46
('GlobalAlloc'; 'LoadLibraryExW'),250,212,38
('GetFileAttributesW'; 'RegSetValueExW'),225,225,0
('RegOpenKeyExA'; 'IsBadReadPtr'),298,252,46
('LocalFree'; 'LocalFree'),314,267,47
('GlobalReAlloc'; 'LocalFree'),260,215,45
('GetEnvironmentVariableW'; 'GlobalUnlock'),259,214,45
('GetFileAttributesW'; 'GlobalUnlock'),215,215,0
('RegCloseKey'; 'GlobalReAlloc'),260,215,45
('GlobalAlloc'; 'RegSetValueExW'),264,219,45
('GlobalFree'; 'LocalAlloc'),270,224,46
('LoadLibraryA'; 'GetCurrentProcessId'),188,152,36
('LocalAlloc'; 'HeapFree'),320,273,47
('GlobalUnlock'; 'GetProcAddress'),163,124,39
('GetCurrentProcessId'; 'IsBadWritePtr'),289,243,46
('GetFullPathNameW'; 'LocalFree'),246,246,0
('SetThreadPriority'; 'RegQueryValueExW'),162,117,45
('GlobalSize'; 'GetFileAttributesW'),211,211,0
('GetCurrentThread'; 'RegEnumValueW'),273,227,46
('GlobalUnlock'; 'RegQueryValueExW'),263,218,45
('GetEnvironmentVariableW'; 'GlobalFree'),265,220,45
('LocalAlloc'; 'GlobalLock'),268,222,46
('IsBadWritePtr'; 'GetProcAddress'),195,156,39
('RegCloseKey'; 'HeapFree'),321,274,47
('GetFileAttributesW'; 'GetFullPathNameW'),229,229,0
('RegEnumKeyW'; 'IsBadStringPtrW'),260,214,46
('RegCloseKey'; 'LoadLibraryW'),158,122,36
('RegSetValueExW'; 'RegSetValueExW'),271,226,45
('GlobalLock'; 'LoadLibraryExW'),246,208,38
('GlobalAlloc'; 'GetFullPathNameW'),218,218,0
('GetEnvironmentVariableW'; 'RegOpenKeyExA'),274,228,46
('RegSetValueExW'; 'GlobalUnlock'),258,213,45
('GetFileAttributesW'; 'RegOpenKeyExA'),228,228,0
('GetCurrentThread'; 'GetFileAttributesW'),236,236,0
('RegCloseKey'; 'GlobalLock'),267,221,46
('GlobalSize'; 'LoadLibraryA'),250,206,44
('GetCurrentProcessId'; 'GetCurrentThreadId'),307,261,46
('LocalAlloc'; 'GlobalFree'),272,226,46
('GetEnvironmentVariableW'; 'GetLongPathNameW'),218,218,0
('IsBadReadPtr'; 'RegEnumKeyW'),265,219,46
('RegCreateKeyExW'; 'HeapAlloc'),195,150,45
('GetFileAttributesW'; 'GetLongPathNameW'),223,223,0
('RegOpenKeyExA'; 'GetCurrentThreadId'),313,267,46
('HeapAlloc'; 'RegCloseKey'),322,275,47
('RegEnumValueW'; 'GetCurrentProcessId'),285,239,46
('LoadLibraryA'; 'GetCurrentThread'),288,244,44
('RegEnumValueW'; 'IsBadReadPtr'),289,243,46
('RegOpenKeyExW'; 'GlobalReAlloc'),260,215,45
('GetProcAddress'; 'RegSetValueExW'),164,129,35
('RegQueryValueW'; 'RegQueryValueExW'),265,218,47
('RegQueryValueExW'; 'GlobalReAlloc'),260,215,45
('LoadLibraryExW'; 'LoadLibraryA'),272,232,40
('GlobalUnlock'; 'RegQueryValueW'),256,211,45
('GlobalUnlock'; 'OpenProcess'),159,114,45
('GetCurrentThreadId'; 'SetThreadPriority'),168,123,45
('RegSetValueExW'; 'GetFullPathNameW'),216,216,0
('CreateProcessW'; 'RegQueryValueExW'),254,207,47
('HeapFree'; 'GlobalReAlloc'),260,215,45
('GlobalSize'; 'LocalAlloc'),257,211,46
('GlobalUnlock'; 'GlobalAlloc'),261,215,46
('RegEnumValueW'; 'IsBadWritePtr'),290,244,46
('HeapAlloc'; 'IsBadReadPtr'),299,252,47
('GetCurrentThread'; 'LoadLibraryA'),277,233,44
('RegQueryValueExW'; 'OpenProcess'),164,118,46
('GetCurrentProcessId'; 'GetEnvironmentVariableW'),273,228,45
('GetCurrentProcessId'; 'CreateProcessW'),260,215,45
('RegOpenKeyExW'; 'HeapFree'),321,274,47
('IsBadWritePtr'; 'OpenProcess'),161,115,46
('IsBadWritePtr'; 'RegQueryValueW'),264,218,46
('LocalAlloc'; 'GetModuleFileNameW'),181,149,32
('GlobalLock'; 'GetFullPathNameW'),215,215,0
('RegOpenKeyExA'; 'GetEnvironmentVariableW'),282,236,46
('GetEnvironmentVariableW'; 'RegCreateKeyExW'),192,147,45
('RegOpenKeyExW'; 'LoadLibraryW'),160,122,38
('IsBadWritePtr'; 'GlobalAlloc'),268,222,46
('RegQueryValueExW'; 'HeapFree'),312,265,47
('LocalFree'; 'GetProcAddress'),208,170,38
('SetThreadPriority'; 'RegSetValueExW'),158,114,44
('IsBadStringPtrW'; 'RegQueryValueExW'),296,250,46
('IsBadStringPtrW'; 'GlobalAlloc'),265,220,45
('RegSetValueExW'; 'GetLongPathNameW'),215,215,0
('LoadLibraryExW'; 'LocalAlloc'),287,246,41
('GlobalReAlloc'; 'RegQueryValueExW'),260,215,45
('GlobalUnlock'; 'RegSetValueExW'),258,213,45
('RegOpenKeyExW'; 'GlobalLock'),267,221,46
('HeapFree'; 'HeapFree'),332,285,47
('GetCurrentProcessId'; 'RegEnumValueW'),281,236,45
('GlobalUnlock'; 'GlobalUnlock'),267,221,46
('GetCurrentThread'; 'LocalAlloc'),294,248,46
('RegQueryValueExW'; 'GlobalLock'),267,221,46
('RegOpenKeyExA'; 'RegEnumValueW'),323,270,53
('GlobalAlloc'; 'RegEnumKeyW'),260,215,45
('GetProcAddress'; 'RegOpenKeyExA'),262,204,58
('RegCloseKey'; 'GetModuleFileNameW'),182,150,32
('LocalAlloc'; 'RegCreateKeyExW'),195,150,45
('LocalAlloc'; 'GlobalSize'),257,211,46
('HeapFree'; 'GlobalLock'),269,223,46
('RegEnumValueW'; 'GetCurrentThreadId'),295,249,46
('GetLongPathNameW'; 'LocalFree'),223,223,0
('IsBadWritePtr'; 'GlobalUnlock'),263,217,46
('CreateProcessW'; 'OpenProcess'),159,113,46
('RegCloseKey'; 'LoadLibraryExW'),288,245,43
('IsBadReadPtr'; 'GetCurrentProcessId'),297,251,46
('GlobalUnlock'; 'GlobalFree'),264,218,46
('GetEnvironmentVariableW'; 'IsBadStringPtrW'),265,219,46
('IsBadReadPtr'; 'IsBadReadPtr'),290,243,47
('HeapAlloc'; 'GetCurrentThreadId'),332,285,47
('LoadLibraryA'; 'RegOpenKeyExW'),346,287,59
('GlobalFree'; 'HeapFree'),275,229,46
('RegQueryValueW'; 'RegSetValueExW'),263,217,46
('SetThreadPriority'; 'RegOpenKeyExA'),160,117,43
('IsBadWritePtr'; 'GlobalFree'),267,221,46
('RegQueryValueW'; 'GlobalUnlock'),258,213,45
('LocalFree'; 'RegQueryValueW'),264,218,46
('LocalFree'; 'OpenProcess'),168,122,46
('GlobalReAlloc'; 'RegQueryValueW'),256,211,45
('GlobalUnlock'; 'RegOpenKeyExA'),263,218,45
('RegEnumValueW'; 'GetEnvironmentVariableW'),270,224,46
('CreateProcessW'; 'RegSetValueExW'),253,207,46
('GetCurrentThreadId'; 'RegOpenKeyExW'),321,274,47
('GetEnvironmentVariableW'; 'RegCloseKey'),281,235,46
('IsBadReadPtr'; 'IsBadWritePtr'),298,251,47
('LocalFree'; 'GlobalAlloc'),275,229,46
('GlobalReAlloc'; 'GlobalAlloc'),256,211,45
('GetModuleFileNameW'; 'RegOpenKeyExW'),171,139,32
('LocalAlloc'; 'IsBadStringPtrW'),296,250,46
('GlobalLock'; 'RegEnumKeyW'),260,215,45
('GetFileAttributesW'; 'RegCloseKey'),234,234,0
('GlobalUnlock'; 'GetLongPathNameW'),213,213,0
('CreateProcessW'; 'GlobalUnlock'),255,210,45
('OpenProcess'; 'IsBadWritePtr'),163,117,46
('IsBadWritePtr'; 'RegOpenKeyExA'),287,241,46
('GetCurrentProcessId'; 'LocalFree'),306,260,46
('RegOpenKeyExW'; 'GetModuleFileNameW'),181,149,32
('RegCloseKey'; 'HeapAlloc'),321,274,47
('HeapAlloc'; 'GetEnvironmentVariableW'),282,236,46
('RegQueryValueExW'; 'GetModuleFileNameW'),176,144,32
('IsBadWritePtr'; 'GetLongPathNameW'),217,217,0
('IsBadReadPtr'; 'GetCurrentThread'),282,236,46
('IsBadStringPtrW'; 'RegSetValueExW'),270,224,46
('RegQueryValueW'; 'GetFullPathNameW'),212,212,0
('GlobalReAlloc'; 'RegSetValueExW'),258,213,45
('IsBadStringPtrW'; 'GlobalUnlock'),261,216,45
('HeapFree'; 'GetModuleFileNameW'),184,152,32
('CreateProcessW'; 'GlobalFree'),255,210,45
('GetFileAttributesW'; 'IsBadReadPtr'),223,223,0
('LocalFree'; 'GlobalUnlock'),266,220,46
('GlobalReAlloc'; 'GlobalUnlock'),260,215,45
('GlobalAlloc'; 'GetCurrentProcessId'),273,228,45
('OpenProcess'; 'GetCurrentThread'),161,115,46
('HeapAlloc'; 'RegEnumValueW'),296,250,46
('GlobalAlloc'; 'IsBadReadPtr'),270,225,45
('IsBadReadPtr'; 'GetCurrentThreadId'),299,252,47
('RegOpenKeyExW'; 'RegCreateKeyExW'),216,170,46
('RegOpenKeyExW'; 'GlobalSize'),257,211,46
('HeapFree'; 'LoadLibraryExW'),287,246,41
('RegQueryValueExW'; 'RegCreateKeyExW'),216,170,46
('RegQueryValueExW'; 'GlobalSize'),257,211,46
('CreateProcessW'; 'RegOpenKeyExA'),253,207,46
('RegQueryValueW'; 'GetLongPathNameW'),214,214,0
('IsBadWritePtr'; 'RegCreateKeyExW'),193,148,45
('GlobalAlloc'; 'IsBadWritePtr'),270,225,45
('LocalFree'; 'GlobalFree'),272,226,46
('IsBadStringPtrW'; 'GetFullPathNameW'),242,242,0
('CreateProcessW'; 'GetLongPathNameW'),211,211,0
('GlobalSize'; 'HeapFree'),257,211,46
('GlobalReAlloc'; 'GetFullPathNameW'),212,212,0
('GetCurrentThread'; 'GlobalReAlloc'),256,211,45
('RegEnumKeyW'; 'SetThreadPriority'),163,118,45
('GetLongPathNameW'; 'RegQueryValueExW'),218,218,0
('RegSetValueExW'; 'IsBadReadPtr'),266,220,46
('GetFullPathNameW'; 'GlobalFree'),216,216,0
('GetProcAddress'; 'RegCloseKey'),254,206,48
('IsBadReadPtr'; 'CreateProcessW'),261,215,46
('IsBadReadPtr'; 'GetEnvironmentVariableW'),271,225,46
('RegEnumKeyW'; 'GetFileAttributesW'),216,216,0
('RegOpenKeyExW'; 'HeapAlloc'),321,274,47
('LocalFree'; 'RegOpenKeyExA'),298,252,46
('GlobalLock'; 'GetCurrentProcessId'),267,222,45
('GlobalSize'; 'GlobalLock'),257,211,46
('GlobalLock'; 'IsBadReadPtr'),264,219,45
('IsBadStringPtrW'; 'GetLongPathNameW'),214,214,0
('LoadLibraryExW'; 'HeapFree'),287,246,41
('RegEnumValueW'; 'LocalFree'),292,246,46
('RegOpenKeyExW'; 'IsBadStringPtrW'),296,250,46
('GlobalFree'; 'LoadLibraryExW'),244,206,38
('HeapFree'; 'HeapAlloc'),332,285,47
('RegSetValueExW'; 'IsBadWritePtr'),265,219,46
('GlobalReAlloc'; 'GetLongPathNameW'),211,211,0
('GetFullPathNameW'; 'RegOpenKeyExA'),228,228,0
('LocalFree'; 'GetLongPathNameW'),223,223,0
('RegCreateKeyExW'; 'GetCurrentThread'),192,147,45
('GetCurrentThread'; 'HeapFree'),297,251,46
('RegCloseKey'; 'RegEnumKeyW'),265,219,46
('GetProcAddress'; 'IsBadReadPtr'),193,155,38
('RegQueryValueExW'; 'IsBadStringPtrW'),296,250,46
('GlobalAlloc'; 'GetCurrentThreadId'),280,234,46
('RegEnumKeyW'; 'LoadLibraryA'),258,214,44
('IsBadWritePtr'; 'IsBadStringPtrW'),296,250,46
('RegCreateKeyExW'; 'SetThreadPriority'),158,113,45
('GlobalLock'; 'IsBadWritePtr'),264,219,45
('GetFullPathNameW'; 'GetLongPathNameW'),216,216,0
('SetThreadPriority'; 'RegCloseKey'),166,121,45
('GetCurrentProcessId'; 'GetProcAddress'),203,165,38
('GetCurrentThread'; 'GlobalLock'),260,215,45
('GlobalUnlock'; 'RegCloseKey'),264,219,45
('RegOpenKeyExA'; 'GetProcAddress'),260,201,59
('OpenProcess'; 'RegOpenKeyExW'),162,116,46
('IsBadWritePtr'; 'RegCloseKey'),300,253,47
('SetThreadPriority'; 'IsBadReadPtr'),164,120,44
('RegSetValueExW'; 'GetCurrentThreadId'),273,227,46
('RegEnumKeyW'; 'LocalAlloc'),264,218,46
('GlobalAlloc'; 'GetEnvironmentVariableW'),269,224,45
('GlobalFree'; 'HeapAlloc'),276,230,46
('GlobalAlloc'; 'CreateProcessW'),256,211,45
('LoadLibraryA'; 'RegQueryValueExW'),335,281,54
('GetFileAttributesW'; 'RegEnumValueW'),223,223,0
('GlobalLock'; 'GetCurrentThreadId'),269,223,46
('GetModuleFileNameW'; 'RegQueryValueExW'),161,129,32
('GetLongPathNameW'; 'RegSetValueExW'),210,210,0
('GlobalAlloc'; 'RegEnumValueW'),267,222,45
('GetProcAddress'; 'GetCurrentThreadId'),227,188,39
('IsBadReadPtr'; 'LocalFree'),298,251,47
('GetLongPathNameW'; 'GlobalUnlock'),210,210,0
('HeapFree'; 'RegEnumKeyW'),265,219,46
('RegSetValueExW'; 'GetEnvironmentVariableW'),246,220,26
('CreateProcessW'; 'RegCloseKey'),263,215,48
('RegCloseKey'; 'GetCurrentProcessId'),307,261,46
('LocalFree'; 'IsBadStringPtrW'),286,240,46
('LoadLibraryExW'; 'GetModuleFileNameW'),156,128,28
('GetCurrentProcessId'; 'OpenProcess'),164,119,45
('GetEnvironmentVariableW'; 'GetFileAttributesW'),225,225,0
('OpenProcess'; 'LocalFree'),163,117,46
('GlobalSize'; 'RegCreateKeyExW'),175,131,44
('RegOpenKeyExA'; 'OpenProcess'),167,121,46
('GlobalSize'; 'GlobalSize'),257,211,46
('RegEnumValueW'; 'GetProcAddress'),224,179,45
('GlobalLock'; 'GetEnvironmentVariableW'),260,215,45
('GlobalLock'; 'CreateProcessW'),256,211,45
('RegQueryValueW'; 'IsBadReadPtr'),259,213,46
('RegCreateKeyExW'; 'RegOpenKeyExW'),212,166,46
('GetFullPathNameW'; 'IsBadStringPtrW'),234,234,0
('GetLongPathNameW'; 'GlobalFree'),211,211,0
('LoadLibraryExW'; 'LoadLibraryExW'),194,154,40
('RegSetValueExW'; 'RegEnumValueW'),250,221,29
('RegOpenKeyExA'; 'HeapFree'),321,275,46
('RegCloseKey'; 'IsBadWritePtr'),299,252,47
('SetThreadPriority'; 'GetCurrentThreadId'),163,118,45
('LocalFree'; 'RegCloseKey'),316,270,46
('GlobalReAlloc'; 'RegCloseKey'),260,215,45
('HeapAlloc'; 'GetProcAddress'),227,188,39
('RegQueryValueW'; 'IsBadWritePtr'),264,218,46
('LocalAlloc'; 'SetThreadPriority'),164,119,45
('LocalAlloc'; 'GetFileAttributesW'),241,241,0
('GetEnvironmentVariableW'; 'LoadLibraryA'),273,229,44
('GetLongPathNameW'; 'RegOpenKeyExA'),211,211,0
('GetCurrentProcessId'; 'GlobalUnlock'),262,217,45
('GetCurrentThread'; 'RegCreateKeyExW'),195,150,45
('GlobalSize'; 'HeapAlloc'),257,211,46
('GetFullPathNameW'; 'RegCloseKey'),243,243,0
('GlobalFree'; 'RegEnumKeyW'),257,212,45
('GetCurrentThread'; 'GlobalSize'),256,211,45
('RegOpenKeyExA'; 'GlobalLock'),265,220,45
('IsBadStringPtrW'; 'IsBadReadPtr'),296,250,46
('RegCloseKey'; 'GetCurrentThread'),297,251,46
('GlobalReAlloc'; 'IsBadReadPtr'),259,214,45
('GlobalAlloc'; 'LocalFree'),276,230,46
('GetCurrentThreadId'; 'LoadLibraryExW'),287,246,41
('LoadLibraryA'; 'RegSetValueExW'),176,141,35
('LoadLibraryExW'; 'HeapAlloc'),287,246,41
('GetCurrentProcessId'; 'GlobalFree'),269,224,45
('LocalAlloc'; 'LoadLibraryA'),302,258,44
('GetEnvironmentVariableW'; 'LocalAlloc'),279,233,46
('RegOpenKeyExA'; 'GlobalFree'),271,226,45
('GetCurrentThread'; 'HeapAlloc'),297,251,46
('RegEnumValueW'; 'OpenProcess'),160,114,46
('HeapFree'; 'GetCurrentProcessId'),311,265,46
('RegQueryValueW'; 'GetCurrentThreadId'),264,218,46
('RegEnumKeyW'; 'GlobalReAlloc'),255,210,45
('GetCurrentProcessId'; 'RegOpenKeyExA'),296,251,45
('IsBadReadPtr'; 'GetProcAddress'),194,155,39
('RegSetValueExW'; 'LocalFree'),273,227,46
('GlobalUnlock'; 'RegEnumValueW'),261,216,45
('RegOpenKeyExA'; 'RegOpenKeyExA'),358,297,61
('HeapAlloc'; 'OpenProcess'),168,122,46
('GetCurrentProcessId'; 'GetLongPathNameW'),218,218,0
('IsBadReadPtr'; 'RegQueryValueExW'),298,251,47
('GlobalLock'; 'LocalFree'),266,220,46
('LocalAlloc'; 'LocalAlloc'),317,270,47
('GetCurrentThreadId'; 'GetFullPathNameW'),248,248,0
('RegCloseKey'; 'CreateProcessW'),263,215,48
('IsBadStringPtrW'; 'GetCurrentThreadId'),296,250,46
('HeapAlloc'; 'HeapFree'),332,285,47
('RegQueryValueW'; 'GetEnvironmentVariableW'),260,214,46
('RegEnumValueW'; 'GlobalUnlock'),262,218,44
('OpenProcess'; 'RegQueryValueExW'),158,112,46
('GlobalReAlloc'; 'GetCurrentThreadId'),260,215,45
('LocalAlloc'; 'RegOpenKeyExW'),317,270,47
('RegOpenKeyExW'; 'SetThreadPriority'),164,119,45
('GlobalUnlock'; 'GetFileAttributesW'),214,214,0
('GlobalFree'; 'GetCurrentProcessId'),266,221,45
('HeapFree'; 'GetCurrentThread'),298,252,46
('RegQueryValueExW'; 'GetFileAttributesW'),240,240,0
('RegQueryValueExW'; 'SetThreadPriority'),164,119,45
('HeapAlloc'; 'GlobalLock'),269,223,46
('RegQueryValueW'; 'RegEnumValueW'),262,215,47
('IsBadWritePtr'; 'GetFileAttributesW'),232,232,0
('LoadLibraryW'; 'RegOpenKeyExW'),160,125,35
('RegEnumValueW'; 'GlobalFree'),266,222,44
('RegOpenKeyExA'; 'RegCreateKeyExW'),216,170,46
('RegOpenKeyExA'; 'GlobalSize'),256,211,45
('RegCloseKey'; 'RegOpenKeyExW'),356,300,56
('GlobalFree'; 'IsBadWritePtr'),264,219,45
('IsBadStringPtrW'; 'GetEnvironmentVariableW'),268,222,46
('GlobalAlloc'; 'GetProcAddress'),176,137,39
('GlobalReAlloc'; 'GetEnvironmentVariableW'),259,214,45
('GlobalUnlock'; 'LoadLibraryA'),258,214,44
('IsBadReadPtr'; 'OpenProcess'),161,115,46
('IsBadReadPtr'; 'RegQueryValueW'),264,218,46
('HeapAlloc'; 'GlobalFree'),276,230,46
('RegQueryValueExW'; 'LoadLibraryA'),331,279,52
('GetLongPathNameW'; 'RegCloseKey'),223,223,0
('IsBadReadPtr'; 'GlobalAlloc'),268,222,46
('RegEnumValueW'; 'RegOpenKeyExA'),327,274,53
('IsBadStringPtrW'; 'RegEnumValueW'),274,229,45
('IsBadWritePtr'; 'LoadLibraryA'),284,239,45
('RegEnumValueW'; 'GetLongPathNameW'),216,216,0
('GlobalFree'; 'GetCurrentThread'),262,217,45
('GlobalReAlloc'; 'RegEnumValueW'),259,214,45
('RegCreateKeyExW'; 'RegQueryValueExW'),213,167,46
('GetCurrentThreadId'; 'RegEnumKeyW'),265,219,46
('HeapFree'; 'CreateProcessW'),261,215,46
('GetCurrentProcessId'; 'IsBadStringPtrW'),282,237,45
('GetLongPathNameW'; 'IsBadReadPtr'),216,216,0
('GlobalUnlock'; 'LocalAlloc'),265,219,46
('IsBadReadPtr'; 'RegSetValueExW'),271,225,46
('RegSetValueExW'; 'GetProcAddress'),166,131,35
('RegOpenKeyExA'; 'IsBadStringPtrW'),296,250,46
('IsBadReadPtr'; 'GlobalUnlock'),263,217,46
('GlobalLock'; 'GetProcAddress'),165,126,39
('HeapAlloc'; 'GetModuleFileNameW'),184,152,32
('OpenProcess'; 'RegSetValueExW'),157,113,44
('RegQueryValueW'; 'LocalFree'),264,218,46
('RegOpenKeyExW'; 'RegOpenKeyExW'),361,300,61
('IsBadWritePtr'; 'LocalAlloc'),300,253,47
('LocalFree'; 'GetFileAttributesW'),240,240,0
('GetCurrentProcessId'; 'RegCloseKey'),308,263,45
('GlobalLock'; 'RegQueryValueExW'),264,219,45
('GetProcAddress'; 'GetProcAddress'),234,177,57
('CreateProcessW'; 'LoadLibraryA'),252,207,45
('RegQueryValueExW'; 'RegOpenKeyExW'),334,278,56
('GlobalAlloc'; 'RegQueryValueW'),256,211,45
('GlobalAlloc'; 'OpenProcess'),163,118,45
('RegEnumKeyW'; 'LoadLibraryExW'),247,208,39
('GetEnvironmentVariableW'; 'HeapFree'),282,236,46
('HeapFree'; 'RegOpenKeyExW'),321,274,47
('IsBadReadPtr'; 'GlobalFree'),267,221,46
('GetFileAttributesW'; 'HeapFree'),242,242,0
('GetFullPathNameW'; 'GetFileAttributesW'),229,229,0
('LoadLibraryExW'; 'GetCurrentProcessId'),282,241,41
('GlobalAlloc'; 'GlobalAlloc'),272,226,46
('LocalAlloc'; 'GlobalReAlloc'),260,215,45
('GlobalFree'; 'CreateProcessW'),255,210,45
('HeapAlloc'; 'RegCreateKeyExW'),195,150,45
('HeapAlloc'; 'GlobalSize'),257,211,46
('LocalFree'; 'LoadLibraryA'),300,256,44
('IsBadReadPtr'; 'RegOpenKeyExA'),288,242,46
('CreateProcessW'; 'LocalAlloc'),258,212,46
('LoadLibraryExW'; 'IsBadWritePtr'),283,242,41
('GetLongPathNameW'; 'GetCurrentThreadId'),219,219,0
('IsBadReadPtr'; 'GetLongPathNameW'),217,217,0
('RegSetValueExW'; 'OpenProcess'),158,113,45
('RegSetValueExW'; 'RegQueryValueW'),255,213,42
('GlobalSize'; 'GetCurrentThread'),255,210,45
('GetFullPathNameW'; 'LoadLibraryA'),233,233,0
('GlobalAlloc'; 'GlobalUnlock'),268,222,46
('LoadLibraryA'; 'IsBadReadPtr'),287,245,42
('RegEnumValueW'; 'IsBadStringPtrW'),287,241,46
('RegSetValueExW'; 'GlobalAlloc'),259,220,39
('GetCurrentThreadId'; 'GetCurrentProcessId'),311,265,46
('GlobalSize'; 'SetThreadPriority'),162,118,44
('RegCreateKeyExW'; 'RegSetValueExW'),187,142,45
('RegEnumKeyW'; 'HeapAlloc'),265,219,46
('GlobalLock'; 'OpenProcess'),160,115,45
('GetCurrentThreadId'; 'IsBadReadPtr'),298,252,46
('GlobalFree'; 'RegOpenKeyExW'),267,222,45
('GlobalLock'; 'RegQueryValueW'),256,211,45
('GetModuleFileNameW'; 'IsBadReadPtr'),168,137,31
('GlobalLock'; 'GlobalAlloc'),263,217,46
('LocalFree'; 'LocalAlloc'),313,266,47
('GetFileAttributesW'; 'GlobalFree'),223,223,0
('LoadLibraryExW'; 'GetCurrentThread'),268,227,41
('LoadLibraryA'; 'IsBadWritePtr'),288,245,43
('HeapAlloc'; 'IsBadStringPtrW'),296,250,46
('GlobalAlloc'; 'GlobalFree'),276,230,46
('GetCurrentThread'; 'GetCurrentThread'),292,246,46
('GetCurrentThreadId'; 'IsBadWritePtr'),300,253,47
('RegEnumValueW'; 'RegCloseKey'),329,276,53
('GetFullPathNameW'; 'LocalAlloc'),245,245,0
('GetModuleFileNameW'; 'IsBadWritePtr'),168,136,32
('GetCurrentThread'; 'SetThreadPriority'),166,121,45
('GetProcAddress'; 'HeapFree'),227,188,39
('GlobalLock'; 'RegSetValueExW'),258,213,45
('RegQueryValueW'; 'GetProcAddress'),161,121,40
('GlobalLock'; 'GlobalUnlock'),268,222,46
('GlobalAlloc'; 'RegOpenKeyExA'),275,230,45
('RegCloseKey'; 'RegQueryValueExW'),349,293,56
('GetCurrentThreadId'; 'GetCurrentThread'),297,251,46
('GlobalAlloc'; 'GetLongPathNameW'),215,215,0
('GlobalFree'; 'LocalFree'),270,224,46
('RegSetValueExW'; 'GlobalFree'),265,220,45
('LoadLibraryA'; 'GetCurrentThreadId'),303,258,45
('GetEnvironmentVariableW'; 'LoadLibraryExW'),256,217,39
('IsBadWritePtr'; 'GlobalReAlloc'),255,211,44
('LoadLibraryExW'; 'CreateProcessW'),241,206,35
('SetThreadPriority'; 'HeapFree'),166,121,45
('GetCurrentThreadId'; 'GetCurrentThreadId'),321,274,47
('GlobalLock'; 'GlobalFree'),264,218,46
('GetModuleFileNameW'; 'GetCurrentThreadId'),177,145,32
('GlobalUnlock'; 'HeapFree'),268,222,46
('IsBadStringPtrW'; 'GetProcAddress'),191,153,38
('RegSetValueExW'; 'RegOpenKeyExA'),273,227,46
('GlobalReAlloc'; 'GetProcAddress'),156,118,38
('RegEnumKeyW'; 'RegEnumKeyW'),265,219,46
('GetProcAddress'; 'GlobalFree'),160,124,36
('GlobalSize'; 'RegOpenKeyExW'),256,211,45
('GlobalLock'; 'RegOpenKeyExA'),265,220,45
('IsBadWritePtr'; 'HeapFree'),300,253,47
('GlobalUnlock'; 'GlobalLock'),266,220,46
('LocalAlloc'; 'LoadLibraryExW'),287,246,41
('GlobalLock'; 'GetLongPathNameW'),213,213,0
('IsBadReadPtr'; 'RegCloseKey'),298,251,47
('RegOpenKeyExA'; 'ReadFile'),156,149,7
('GetCurrentThreadId'; 'GetEnvironmentVariableW'),281,235,46
('RegQueryValueW'; 'OpenProcess'),159,113,46
('LoadLibraryExW'; 'RegOpenKeyExW'),287,245,42
('GetCurrentThreadId'; 'CreateProcessW'),261,215,46
('RegQueryValueW'; 'RegQueryValueW'),263,218,45
('IsBadWritePtr'; 'GlobalLock'),263,217,46
('GetEnvironmentVariableW'; 'HeapAlloc'),282,236,46
('RegQueryValueW'; 'GlobalAlloc'),259,214,45
('GetCurrentThread'; 'RegOpenKeyExW'),285,239,46
('HeapFree'; 'RegQueryValueExW'),312,265,47
('RegSetValueExW'; 'RegCreateKeyExW'),191,147,44
('GetFileAttributesW'; 'IsBadStringPtrW'),219,219,0
('GetCurrentProcessId'; 'GetFileAttributesW'),237,237,0
('RegCloseKey'; 'RegSetValueExW'),274,228,46
('CreateProcessW'; 'HeapFree'),261,215,46
('LocalFree'; 'GlobalReAlloc'),259,214,45
('RegOpenKeyExA'; 'GetFileAttributesW'),241,241,0
('RegCloseKey'; 'GlobalUnlock'),267,221,46
('RegOpenKeyExA'; 'SetThreadPriority'),165,120,45
('GlobalAlloc'; 'IsBadStringPtrW'),266,221,45
('IsBadStringPtrW'; 'RegQueryValueW'),262,216,46
('IsBadStringPtrW'; 'OpenProcess'),161,115,46
('OpenProcess'; 'IsBadReadPtr'),161,116,45
('LocalAlloc'; 'HeapAlloc'),320,273,47
('GlobalReAlloc'; 'OpenProcess'),158,113,45
('IsBadStringPtrW'; 'HeapFree'),296,250,46
('GetCurrentProcessId'; 'LoadLibraryA'),296,252,44
('LocalFree'; 'HeapFree'),319,272,47
('GlobalReAlloc'; 'HeapFree'),260,215,45
('RegEnumKeyW'; 'GetCurrentProcessId'),265,219,46
('GlobalAlloc'; 'RegCloseKey'),277,232,45
('GlobalFree'; 'RegQueryValueExW'),264,219,45
('RegOpenKeyExA'; 'LoadLibraryA'),339,285,54
('RegCloseKey'; 'GetFullPathNameW'),248,248,0
('RegQueryValueW'; 'GlobalFree'),259,214,45
('RegEnumValueW'; 'RegEnumValueW'),293,245,48
('RegSetValueExW'; 'IsBadStringPtrW'),262,216,46
('IsBadStringPtrW'; 'GlobalLock'),261,216,45
('GetFullPathNameW'; 'HeapFree'),248,248,0
('LocalFree'; 'GlobalLock'),267,221,46
('GlobalReAlloc'; 'GlobalLock'),260,215,45
('IsBadWritePtr'; 'GetModuleFileNameW'),168,136,32
('RegOpenKeyExW'; 'LoadLibraryExW'),288,245,43
('LoadLibraryA'; 'LocalFree'),304,259,45
('SetThreadPriority'; 'RegCreateKeyExW'),164,120,44
('RegQueryValueExW'; 'LoadLibraryExW'),288,245,43
('RegEnumKeyW'; 'IsBadWritePtr'),262,216,46
('GlobalUnlock'; 'RegCreateKeyExW'),179,135,44
('RegQueryValueW'; 'RegOpenKeyExA'),265,217,48
('GlobalUnlock'; 'GlobalSize'),257,211,46
('RegCloseKey'; 'GetLongPathNameW'),223,223,0
('GetCurrentThreadId'; 'LocalFree'),320,273,47
('GetCurrentProcessId'; 'LocalAlloc'),307,261,46
('IsBadWritePtr'; 'LoadLibraryExW'),284,243,41
('GetProcAddress'; 'IsBadStringPtrW'),188,150,38
('GetModuleFileNameW'; 'LocalFree'),181,149,32
('RegCreateKeyExW'; 'IsBadReadPtr'),187,142,45
('RegSetValueExW'; 'RegCloseKey'),274,228,46
('RegOpenKeyExA'; 'LocalAlloc'),316,270,46
('RegEnumValueW'; 'GetFileAttributesW'),233,233,0
('IsBadStringPtrW'; 'GlobalFree'),264,219,45
('HeapFree'; 'RegSetValueExW'),273,227,46
('OpenProcess'; 'GetCurrentThreadId'),160,114,46
('IsBadWritePtr'; 'GlobalSize'),256,211,45
('GlobalReAlloc'; 'GlobalFree'),256,211,45
('HeapFree'; 'GlobalUnlock'),268,222,46
('GlobalLock'; 'RegCloseKey'),266,221,45
('RegEnumKeyW'; 'GetCurrentThread'),264,218,46
('LocalAlloc'; 'RegEnumKeyW'),265,219,46
('RegCreateKeyExW'; 'IsBadWritePtr'),188,143,45
('HeapAlloc'; 'SetThreadPriority'),167,122,45
('HeapAlloc'; 'GetFileAttributesW'),242,242,0
('GlobalUnlock'; 'HeapAlloc'),268,222,46
('IsBadStringPtrW'; 'RegOpenKeyExA'),286,240,46
('RegOpenKeyExW'; 'GetFullPathNameW'),248,248,0
('GlobalReAlloc'; 'RegOpenKeyExA'),260,215,45
('RegQueryValueExW'; 'HeapAlloc'),312,265,47
('SetThreadPriority'; 'IsBadStringPtrW'),158,114,44
('RegEnumValueW'; 'LoadLibraryA'),310,259,51
('RegQueryValueW'; 'RegCreateKeyExW'),184,139,45
('RegQueryValueW'; 'GlobalSize'),255,210,45
('GlobalUnlock'; 'IsBadStringPtrW'),261,216,45
('IsBadWritePtr'; 'HeapAlloc'),300,253,47
('HeapFree'; 'GetFullPathNameW'),248,248,0
('IsBadReadPtr'; 'RegEnumValueW'),278,232,46
('CreateProcessW'; 'RegCreateKeyExW'),177,132,45
('LocalFree'; 'GetModuleFileNameW'),178,147,31
('GlobalFree'; 'RegSetValueExW'),258,213,45
('HeapAlloc'; 'LoadLibraryA'),311,266,45
('GlobalFree'; 'GlobalUnlock'),262,216,46
('RegCreateKeyExW'; 'GetCurrentThreadId'),192,147,45
('LoadLibraryExW'; 'RegQueryValueExW'),287,245,42
('RegEnumKeyW'; 'CreateProcessW'),261,215,46
('GetEnvironmentVariableW'; 'GetCurrentProcessId'),274,228,46
('RegEnumValueW'; 'LocalAlloc'),293,247,46
('HeapFree'; 'GetLongPathNameW'),223,223,0
('IsBadStringPtrW'; 'RegCreateKeyExW'),192,147,45
('IsBadStringPtrW'; 'GlobalSize'),253,209,44
('GetCurrentThread'; 'RegQueryValueExW'),283,237,46
('LocalFree'; 'RegCreateKeyExW'),195,150,45
('GlobalReAlloc'; 'RegCreateKeyExW'),179,135,44
('LocalFree'; 'GlobalSize'),257,211,46
('GlobalReAlloc'; 'GlobalSize'),255,210,45
('GetFullPathNameW'; 'LoadLibraryExW'),217,217,0
('LoadLibraryA'; 'GetProcAddress'),248,193,55
('CreateProcessW'; 'HeapAlloc'),261,215,46
('RegQueryValueW'; 'IsBadStringPtrW'),258,212,46
('HeapAlloc'; 'LocalAlloc'),321,274,47
('GlobalFree'; 'GetFullPathNameW'),213,213,0
('GetCurrentThreadId'; 'GetProcAddress'),221,182,39
('GetLongPathNameW'; 'HeapFree'),223,223,0
('CreateProcessW'; 'IsBadStringPtrW'),258,212,46
('LocalAlloc'; 'GetCurrentProcessId'),309,263,46
('RegOpenKeyExW'; 'RegEnumKeyW'),265,219,46
('GetCurrentThreadId'; 'RegQueryValueExW'),312,265,47
('RegEnumKeyW'; 'RegOpenKeyExW'),264,218,46
('RegQueryValueExW'; 'RegEnumKeyW'),265,219,46
('LocalFree'; 'HeapAlloc'),319,272,47
('RegQueryValueW'; 'RegCloseKey'),266,218,48
('GlobalFree'; 'GetLongPathNameW'),213,213,0
('GetEnvironmentVariableW'; 'GetCurrentThread'),281,235,46
('GlobalSize'; 'LoadLibraryExW'),240,202,38
('IsBadStringPtrW'; 'IsBadStringPtrW'),296,250,46
('RegOpenKeyExA'; 'GlobalReAlloc'),259,214,45
('LocalAlloc'; 'IsBadWritePtr'),300,253,47
('GetFullPathNameW'; 'HeapAlloc'),248,248,0
('GlobalReAlloc'; 'IsBadStringPtrW'),259,214,45
('GetEnvironmentVariableW'; 'SetThreadPriority'),164,119,45
('GlobalSize'; 'RegSetValueExW'),255,210,45
('RegCloseKey'; 'IsBadReadPtr'),297,251,46
('GetFileAttributesW'; 'GetFileAttributesW'),228,228,0
('GetCurrentProcessId'; 'HeapFree'),310,264,46
('GlobalAlloc'; 'GetFileAttributesW'),223,223,0
('IsBadReadPtr'; 'LocalAlloc'),298,251,47
('GetCurrentThread'; 'RegCloseKey'),287,241,46
('IsBadStringPtrW'; 'RegCloseKey'),296,250,46
('LocalAlloc'; 'GetCurrentThread'),296,250,46
('GetCurrentThread'; 'LoadLibraryExW'),264,223,41
('RegOpenKeyExA'; 'LoadLibraryW'),158,120,38
('LoadLibraryExW'; 'RegSetValueExW'),257,216,41
('RegEnumKeyW'; 'LocalFree'),264,218,46
('GetCurrentThreadId'; 'RegQueryValueW'),264,218,46
('GlobalLock'; 'RegEnumValueW'),262,217,45
('GetCurrentThreadId'; 'OpenProcess'),168,122,46
('LoadLibraryExW'; 'GlobalUnlock'),250,212,38
('GetCurrentThread'; 'RegSetValueExW'),273,227,46
('GetCurrentThreadId'; 'GlobalAlloc'),281,235,46
('GetFileAttributesW'; 'LoadLibraryA'),228,228,0
('GlobalSize'; 'GetFullPathNameW'),208,208,0
('GetEnvironmentVariableW'; 'CreateProcessW'),260,215,45
('GlobalAlloc'; 'LoadLibraryA'),271,227,44
('RegSetValueExW'; 'SetThreadPriority'),164,119,45
('RegSetValueExW'; 'GetFileAttributesW'),223,223,0
('RegOpenKeyExW'; 'GetCurrentProcessId'),307,261,46
('RegOpenKeyExW'; 'IsBadReadPtr'),297,251,46
('GetCurrentThreadId'; 'RegSetValueExW'),273,227,46
('GlobalLock'; 'GetFileAttributesW'),215,215,0
('RegCreateKeyExW'; 'LocalFree'),194,149,45
('RegCloseKey'; 'GetCurrentThreadId'),312,265,47
('RegQueryValueExW'; 'GetCurrentProcessId'),301,255,46
('GetCurrentThreadId'; 'GlobalUnlock'),268,222,46
('RegQueryValueExW'; 'IsBadReadPtr'),297,251,46
('GetFileAttributesW'; 'LocalAlloc'),234,234,0
('GetCurrentThread'; 'GetFullPathNameW'),229,229,0
('IsBadWritePtr'; 'GetCurrentProcessId'),296,250,46
('LocalAlloc'; 'GetEnvironmentVariableW'),282,236,46
('LocalAlloc'; 'CreateProcessW'),261,215,46
('HeapFree'; 'IsBadReadPtr'),299,252,47
('GlobalAlloc'; 'LocalAlloc'),276,230,46
('RegOpenKeyExW'; 'IsBadWritePtr'),299,252,47
('RegSetValueExW'; 'LoadLibraryA'),267,223,44
('GetEnvironmentVariableW'; 'RegOpenKeyExW'),277,231,46
('HeapAlloc'; 'GlobalReAlloc'),260,215,45
('LoadLibraryA'; 'GlobalFree'),158,114,44
('GetFileAttributesW'; 'RegOpenKeyExW'),232,232,0
('RegEnumValueW'; 'HeapFree'),295,249,46
('LoadLibraryExW'; 'GetLongPathNameW'),211,211,0
('RegQueryValueExW'; 'IsBadWritePtr'),299,252,47
('GetCurrentThreadId'; 'GlobalFree'),276,230,46
('GlobalLock'; 'LoadLibraryA'),260,216,44
('HeapFree'; 'IsBadWritePtr'),300,253,47
('RegCloseKey'; 'GetEnvironmentVariableW'),282,236,46
('GetCurrentProcessId'; 'GetModuleFileNameW'),172,142,30
('LoadLibraryA'; 'RegOpenKeyExA'),344,279,65
('GlobalUnlock'; 'GetCurrentThread'),259,214,45
('RegOpenKeyExW'; 'GetCurrentThread'),296,250,46
('RegOpenKeyExA'; 'GetModuleFileNameW'),181,150,31
('SetThreadPriority'; 'SetThreadPriority'),157,113,44
('GetProcAddress'; 'LoadLibraryA'),256,199,57
('RegSetValueExW'; 'LocalAlloc'),273,227,46
('GlobalSize'; 'RegEnumKeyW'),256,211,45
('GlobalUnlock'; 'SetThreadPriority'),162,118,44
('GetCurrentThreadId'; 'RegOpenKeyExA'),321,275,46
('RegQueryValueExW'; 'GetCurrentThread'),286,240,46
('GetModuleFileNameW'; 'RegOpenKeyExA'),160,130,30
('RegCloseKey'; 'RegEnumValueW'),326,273,53
('IsBadWritePtr'; 'GetCurrentThread'),282,236,46
('GlobalFree'; 'IsBadReadPtr'),265,220,45
('RegOpenKeyExW'; 'GetCurrentThreadId'),311,264,47
('RegOpenKeyExA'; 'LoadLibraryExW'),287,244,43
('GlobalLock'; 'LocalAlloc'),266,220,46
('GetCurrentThreadId'; 'GetLongPathNameW'),223,223,0
('GetLongPathNameW'; 'IsBadStringPtrW'),215,215,0
('GetCurrentProcessId'; 'RegCreateKeyExW'),194,150,44
('RegQueryValueExW'; 'GetCurrentThreadId'),304,257,47
('IsBadWritePtr'; 'SetThreadPriority'),164,119,45
('RegEnumKeyW'; 'RegQueryValueExW'),264,218,46
('IsBadReadPtr'; 'GlobalReAlloc'),256,211,45
('HeapFree'; 'GetCurrentThreadId'),332,285,47
('GetProcAddress'; 'LocalAlloc'),215,176,39
('SetThreadPriority'; 'LoadLibraryA'),156,115,41
('GetCurrentThread'; 'RegEnumKeyW'),265,219,46
('LoadLibraryA'; 'RegCreateKeyExW'),168,133,35
('GetFullPathNameW'; 'GetCurrentProcessId'),233,233,0
('GetProcAddress'; 'RegOpenKeyExW'),250,203,47
('RegOpenKeyExW'; 'GetEnvironmentVariableW'),282,236,46
('RegOpenKeyExW'; 'CreateProcessW'),263,215,48
('RegQueryValueW'; 'SetThreadPriority'),163,118,45
('RegQueryValueW'; 'GetFileAttributesW'),217,217,0
('LocalAlloc'; 'LocalFree'),319,272,47
('GetCurrentProcessId'; 'HeapAlloc'),311,265,46
('IsBadReadPtr'; 'HeapFree'),299,252,47
('RegQueryValueExW'; 'GetEnvironmentVariableW'),274,228,46
('RegQueryValueExW'; 'CreateProcessW'),263,215,48
('RegOpenKeyExA'; 'HeapAlloc'),321,275,46
('CreateProcessW'; 'SetThreadPriority'),163,118,45
('SetThreadPriority'; 'LocalAlloc'),166,121,45
('IsBadWritePtr'; 'CreateProcessW'),261,215,46
('HeapFree'; 'GetEnvironmentVariableW'),282,236,46
('IsBadReadPtr'; 'GlobalLock'),263,217,46
('GlobalFree'; 'GetCurrentThreadId'),274,229,45
('RegEnumKeyW'; 'RegQueryValueW'),260,214,46
('RegCloseKey'; 'LocalFree'),317,270,47
('SetThreadPriority'; 'RegOpenKeyExW'),166,121,45
('LocalFree'; 'GetCurrentThread'),296,250,46
('RegQueryValueW'; 'LoadLibraryA'),260,214,46
('GlobalSize'; 'GetCurrentProcessId'),255,210,45
('IsBadStringPtrW'; 'SetThreadPriority'),164,119,45
('IsBadStringPtrW'; 'GetFileAttributesW'),231,231,0
('GlobalUnlock'; 'RegOpenKeyExW'),263,218,45
('RegEnumKeyW'; 'GlobalAlloc'),257,212,45
('GlobalSize'; 'IsBadReadPtr'),256,211,45
('LocalFree'; 'SetThreadPriority'),164,119,45
('GlobalReAlloc'; 'SetThreadPriority'),162,118,44
('HeapFree'; 'RegEnumValueW'),296,250,46
('RegEnumValueW'; 'RegCreateKeyExW'),210,165,45
('LoadLibraryA'; 'IsBadStringPtrW'),210,170,40
('GlobalAlloc'; 'GlobalReAlloc'),260,215,45
('GetFullPathNameW'; 'GetCurrentThread'),227,227,0
('GlobalReAlloc'; 'GetFileAttributesW'),211,211,0
('HeapAlloc'; 'LoadLibraryExW'),287,246,41
('GetModuleFileNameW'; 'IsBadStringPtrW'),163,132,31
('IsBadWritePtr'; 'RegOpenKeyExW'),286,239,47
('GlobalSize'; 'IsBadWritePtr'),255,210,45
('GlobalFree'; 'GetEnvironmentVariableW'),259,214,45
('LoadLibraryExW'; 'IsBadReadPtr'),283,242,41
('RegEnumKeyW'; 'RegSetValueExW'),262,216,46
('LoadLibraryA'; 'RegCloseKey'),344,289,55
('RegQueryValueW'; 'LocalAlloc'),264,218,46
('GlobalAlloc'; 'HeapFree'),281,235,46
('RegEnumKeyW'; 'GlobalUnlock'),257,212,45
('GetCurrentThread'; 'GetCurrentProcessId'),288,242,46
('IsBadStringPtrW'; 'LoadLibraryA'),281,237,44
('GetCurrentThread'; 'IsBadReadPtr'),272,226,46
('GlobalReAlloc'; 'LoadLibraryA'),254,210,44
('GetCurrentThreadId'; 'RegCloseKey'),322,275,47
('RegSetValueExW'; 'GlobalReAlloc'),235,210,25
('RegEnumValueW'; 'HeapAlloc'),296,250,46
('GetEnvironmentVariableW'; 'RegQueryValueExW'),276,230,46
('GetModuleFileNameW'; 'RegCloseKey'),181,149,32
('GlobalFree'; 'RegEnumValueW'),258,213,45
('GlobalAlloc'; 'GlobalLock'),269,223,46
('RegOpenKeyExA'; 'RegEnumKeyW'),265,219,46
('GlobalLock'; 'GlobalReAlloc'),260,215,45
('RegOpenKeyExW'; 'LocalFree'),317,270,47
('OpenProcess'; 'RegOpenKeyExA'),157,112,45
('GetCurrentThread'; 'IsBadWritePtr'),276,230,46
('IsBadReadPtr'; 'GetModuleFileNameW'),168,136,32
('CreateProcessW'; 'RegOpenKeyExW'),255,208,47
('RegQueryValueExW'; 'LocalFree'),308,261,47
('HeapAlloc'; 'HeapAlloc'),332,285,47
('RegEnumKeyW'; 'GetFullPathNameW'),214,214,0
('GetFullPathNameW'; 'CreateProcessW'),212,212,0
('IsBadStringPtrW'; 'LocalAlloc'),296,250,46
('GlobalSize'; 'GetCurrentThreadId'),257,211,46
('RegSetValueExW'; 'HeapFree'),273,227,46
('HeapFree'; 'LocalFree'),320,273,47
('GlobalReAlloc'; 'LocalAlloc'),260,215,45
('LocalAlloc'; 'RegQueryValueExW'),312,265,47
('RegEnumKeyW'; 'RegOpenKeyExA'),263,217,46
('GlobalLock'; 'HeapFree'),269,223,46
('RegSetValueExW'; 'GlobalLock'),251,213,38
('IsBadReadPtr'; 'RegCreateKeyExW'),193,148,45
('LoadLibraryW'; 'GetProcAddress'),173,137,36
('IsBadReadPtr'; 'GlobalSize'),257,211,46
('LocalFree'; 'RegOpenKeyExW'),302,256,46
('LoadLibraryExW'; 'GetCurrentThreadId'),283,242,41
('RegEnumKeyW'; 'GetLongPathNameW'),214,214,0
('RegCloseKey'; 'GetProcAddress'),249,200,49
('GetProcAddress'; 'LoadLibraryW'),156,119,37
('GlobalLock'; 'GlobalLock'),267,221,46
('GetCurrentThread'; 'GetCurrentThreadId'),292,246,46
('OpenProcess'; 'RegCreateKeyExW'),159,114,45
('GetFullPathNameW'; 'RegOpenKeyExW'),229,229,0
('GlobalSize'; 'GetEnvironmentVariableW'),255,210,45
('GlobalSize'; 'CreateProcessW'),255,210,45
('RegCreateKeyExW'; 'RegOpenKeyExA'),208,164,44
('IsBadReadPtr'; 'HeapAlloc'),299,252,47
('GetFileAttributesW'; 'LoadLibraryExW'),217,217,0
('LocalAlloc'; 'RegQueryValueW'),264,218,46
('GetEnvironmentVariableW'; 'RegSetValueExW'),270,224,46
('RegOpenKeyExA'; 'GetCurrentProcessId'),308,262,46
('IsBadReadPtr'; 'IsBadStringPtrW'),296,250,46
('GetCurrentThread'; 'GetEnvironmentVariableW'),281,235,46
('RegEnumValueW'; 'CreateProcessW'),260,215,45
('GetCurrentThread'; 'CreateProcessW'),261,215,46
('HeapAlloc'; 'RegEnumKeyW'),265,219,46
('LocalAlloc'; 'GlobalAlloc'),276,230,46
('GlobalAlloc'; 'RegCreateKeyExW'),185,141,44
('OpenProcess'; 'IsBadStringPtrW'),161,116,45
('GlobalAlloc'; 'GlobalSize'),257,211,46
('RegOpenKeyExW'; 'GetProcAddress'),259,200,59
('RegQueryValueW'; 'GlobalReAlloc'),255,210,45
('RegCloseKey'; 'RegQueryValueW'),265,218,47
('RegOpenKeyExA'; 'IsBadWritePtr'),299,253,46
('RegQueryValueExW'; 'GetProcAddress'),245,197,48
('RegCloseKey'; 'OpenProcess'),168,122,46
('RegCreateKeyExW'; 'RegCreateKeyExW'),193,150,43
('RegOpenKeyExW'; 'RegQueryValueExW'),350,294,56
('LocalAlloc'; 'RegSetValueExW'),273,227,46
('RegCloseKey'; 'GlobalAlloc'),275,229,46
('HeapFree'; 'GetProcAddress'),227,188,39
('LocalAlloc'; 'GlobalUnlock'),267,221,46
('RegQueryValueExW'; 'RegQueryValueExW'),346,290,56
('RegSetValueExW'; 'LoadLibraryExW'),244,210,34
('GetEnvironmentVariableW'; 'GetFullPathNameW'),220,220,0
('GetFileAttributesW'; 'HeapAlloc'),242,242,0
('GetLongPathNameW'; 'LoadLibraryA'),218,218,0
('OpenProcess'; 'RegCloseKey'),165,119,46
('GetCurrentProcessId'; 'GetCurrentThread'),286,241,45
('IsBadWritePtr'; 'RegQueryValueExW'),300,253,47
('RegQueryValueW'; 'HeapFree'),264,218,46
('GlobalAlloc'; 'HeapAlloc'),281,235,46
('RegOpenKeyExA'; 'GetCurrentThread'),297,251,46
('RegSetValueExW'; 'GlobalSize'),236,211,25
('GetCurrentThreadId'; 'RegEnumValueW'),296,250,46
('GetCurrentProcessId'; 'SetThreadPriority'),163,119,44
('IsBadStringPtrW'; 'GlobalReAlloc'),253,209,44
('GlobalSize'; 'LocalFree'),257,211,46
('GlobalLock'; 'RegCreateKeyExW'),179,135,44
('GetProcAddress'; 'LoadLibraryExW'),175,144,31
('GlobalLock'; 'GlobalSize'),257,211,46
('RegQueryValueW'; 'GlobalLock'),258,213,45
('RegEnumKeyW'; 'RegCloseKey'),265,219,46
('LocalAlloc'; 'GetFullPathNameW'),248,248,0
('GetLongPathNameW'; 'LocalAlloc'),223,223,0
('RegCreateKeyExW'; 'IsBadStringPtrW'),176,131,45
('GlobalFree'; 'GetProcAddress'),166,128,38
('RegOpenKeyExW'; 'RegQueryValueW'),265,218,47
('RegOpenKeyExW'; 'OpenProcess'),168,122,46
('LocalAlloc'; 'RegOpenKeyExA'),313,267,46
('LoadLibraryExW'; 'LocalFree'),287,246,41
('RegSetValueExW'; 'HeapAlloc'),273,227,46
('GetCurrentThreadId'; 'GetFileAttributesW'),242,242,0
('RegCloseKey'; 'GlobalFree'),272,226,46
('HeapAlloc'; 'GetCurrentProcessId'),311,265,46
('GetLongPathNameW'; 'RegOpenKeyExW'),219,219,0
('RegOpenKeyExW'; 'GlobalAlloc'),275,229,46
('RegQueryValueExW'; 'RegQueryValueW'),265,218,47
('RegEnumKeyW'; 'IsBadReadPtr'),261,215,46
('GetCurrentThread'; 'LocalFree'),297,251,46
('LocalAlloc'; 'GetLongPathNameW'),223,223,0
('GlobalLock'; 'HeapAlloc'),269,223,46
('RegQueryValueExW'; 'GlobalAlloc'),274,228,46
('HeapFree'; 'RegQueryValueW'),264,218,46
('HeapFree'; 'OpenProcess'),168,122,46
('RegCreateKeyExW'; 'RegCloseKey'),216,170,46
('RegOpenKeyExA'; 'CreateProcessW'),263,215,48
('LoadLibraryW'; 'RegOpenKeyExA'),161,127,34
('GlobalUnlock'; 'LoadLibraryExW'),245,207,38
('HeapFree'; 'GlobalAlloc'),280,234,46
('LoadLibraryA'; 'LoadLibraryA'),248,192,56
('RegCloseKey'; 'RegOpenKeyExA'),352,297,55
('GetProcAddress'; 'HeapAlloc'),227,188,39
('HeapAlloc'; 'IsBadWritePtr'),300,253,47
('GlobalLock'; 'IsBadStringPtrW'),263,218,45
('LocalFree'; 'RegQueryValueExW'),311,265,46
('RegOpenKeyExW'; 'RegSetValueExW'),274,228,46
('GetCurrentThreadId'; 'LoadLibraryA'),310,266,44
('RegEnumValueW'; 'GetCurrentThread'),281,235,46
('RegOpenKeyExW'; 'GlobalUnlock'),267,221,46
('RegQueryValueExW'; 'RegSetValueExW'),274,228,46
('RegEnumValueW'; 'SetThreadPriority'),163,118,45
('RegQueryValueExW'; 'GlobalUnlock'),267,221,46
('GetFullPathNameW'; 'RegQueryValueExW'),243,243,0
('IsBadWritePtr'; 'RegSetValueExW'),271,225,46
('GetCurrentProcessId'; 'RegOpenKeyExW'),293,248,45
('HeapAlloc'; 'GetCurrentThread'),298,252,46
('LoadLibraryA'; 'LocalAlloc'),303,258,45
('RegOpenKeyExA'; 'RegOpenKeyExW'),355,300,55
('GlobalFree'; 'RegQueryValueW'),255,210,45
('SetThreadPriority'; 'HeapAlloc'),166,121,45
('GlobalFree'; 'OpenProcess'),162,117,45
('RegOpenKeyExW'; 'GlobalFree'),272,226,46
('GetCurrentThreadId'; 'LocalAlloc'),321,274,47
('RegQueryValueW'; 'LoadLibraryExW'),251,210,41
('GlobalFree'; 'GlobalAlloc'),267,221,46
('GlobalUnlock'; 'GetFullPathNameW'),214,214,0
('RegQueryValueExW'; 'GlobalFree'),272,226,46
('RegEnumKeyW'; 'GetCurrentThreadId'),265,219,46
('GetModuleFileNameW'; 'LocalAlloc'),177,145,32
('RegCloseKey'; 'RegCreateKeyExW'),215,170,45
('RegCloseKey'; 'GlobalSize'),257,211,46
('RegSetValueExW'; 'RegEnumKeyW'),248,216,32
('RegQueryValueExW'; 'GetFullPathNameW'),248,248,0
('HeapFree'; 'GlobalFree'),276,230,46
('IsBadWritePtr'; 'GetFullPathNameW'),245,245,0
('RegOpenKeyExW'; 'RegOpenKeyExA'),364,298,66
('GlobalSize'; 'RegQueryValueExW'),256,211,45
('IsBadStringPtrW'; 'GetModuleFileNameW'),165,134,31
('RegQueryValueExW'; 'RegOpenKeyExA'),335,281,54
('GlobalFree'; 'GlobalLock'),260,214,46
('RegOpenKeyExW'; 'GetLongPathNameW'),222,222,0
('LoadLibraryExW'; 'GetProcAddress'),160,125,35
('HeapFree'; 'RegOpenKeyExA'),321,275,46
('IsBadStringPtrW'; 'LoadLibraryExW'),282,241,41
('RegQueryValueExW'; 'GetLongPathNameW'),221,221,0
('GetCurrentThread'; 'GetProcAddress'),178,140,38
('LocalFree'; 'LoadLibraryExW'),273,232,41
('HeapAlloc'; 'CreateProcessW'),261,215,46
('RegEnumKeyW'; 'GetEnvironmentVariableW'),261,215,46
('GlobalReAlloc'; 'LoadLibraryExW'),244,206,38
('RegOpenKeyExA'; 'LocalFree'),317,271,46
('GetFileAttributesW'; 'GetCurrentProcessId'),233,233,0
('RegQueryValueW'; 'HeapAlloc'),264,218,46
('GetEnvironmentVariableW'; 'IsBadReadPtr'),269,223,46
('LocalFree'; 'RegSetValueExW'),273,227,46
('RegCloseKey'; 'IsBadStringPtrW'),296,250,46
('LocalAlloc'; 'RegCloseKey'),318,271,47
('IsBadReadPtr'; 'GetFileAttributesW'),232,232,0
('IsBadReadPtr'; 'SetThreadPriority'),164,119,45
('GlobalFree'; 'GlobalFree'),270,224,46
('RegEnumValueW'; 'RegOpenKeyExW'),314,266,48
('RegEnumKeyW'; 'RegEnumValueW'),264,218,46
('GetFullPathNameW'; 'RegSetValueExW'),217,217,0
('GetEnvironmentVariableW'; 'IsBadWritePtr'),271,225,46
('OpenProcess'; 'SetThreadPriority'),157,112,45
('GetFileAttributesW'; 'IsBadWritePtr'),223,223,0
('GetFullPathNameW'; 'GlobalUnlock'),213,213,0
('GlobalSize'; 'OpenProcess'),158,113,45
('GlobalSize'; 'RegQueryValueW'),255,210,45
('LoadLibraryW'; 'RegCloseKey'),162,127,35
('GlobalUnlock'; 'RegEnumKeyW'),260,215,45
('LocalAlloc'; 'IsBadReadPtr'),297,251,46
('GlobalSize'; 'GlobalAlloc'),257,211,46
('RegCloseKey'; 'RegCloseKey'),360,303,57
('HeapFree'; 'RegCreateKeyExW'),195,150,45
('HeapAlloc'; 'RegOpenKeyExW'),321,274,47
('GlobalFree'; 'RegOpenKeyExA'),267,222,45
('HeapFree'; 'GlobalSize'),257,211,46
('IsBadStringPtrW'; 'HeapAlloc'),296,250,46
('IsBadReadPtr'; 'LoadLibraryA'),284,239,45
('GlobalReAlloc'; 'HeapAlloc'),260,215,45
('LocalFree'; 'GetFullPathNameW'),248,248,0
('RegSetValueExW'; 'GetCurrentProcessId'),269,223,46
('IsBadWritePtr'; 'RegEnumKeyW'),265,219,46
('GetFileAttributesW'; 'GetCurrentThread'),231,231,0
('GetFullPathNameW'; 'GetFullPathNameW'),226,226,0
('OpenProcess'; 'LoadLibraryA'),157,114,43
('GetCurrentThread'; 'RegQueryValueW'),264,218,46
('GetCurrentThread'; 'OpenProcess'),166,120,46
('GlobalAlloc'; 'GetCurrentThread'),269,224,45
('GlobalSize'; 'GlobalUnlock'),257,211,46
('GetEnvironmentVariableW'; 'GetCurrentThreadId'),276,230,46
('GetCurrentThread'; 'GlobalAlloc'),268,223,45
('GlobalAlloc'; 'SetThreadPriority'),163,119,44
('GetProcAddress'; 'GetCurrentProcessId'),197,159,38
('GetCurrentThreadId'; 'GlobalReAlloc'),260,215,45
('RegQueryValueW'; 'RegEnumKeyW'),260,214,46
('GlobalFree'; 'RegCreateKeyExW'),177,133,44
('GlobalFree'; 'GlobalSize'),256,210,46
('HeapFree'; 'IsBadStringPtrW'),296,250,46
('HeapAlloc'; 'LocalFree'),320,273,47
('OpenProcess'; 'LocalAlloc'),163,117,46
('GlobalSize'; 'GlobalFree'),257,211,46
('IsBadReadPtr'; 'RegOpenKeyExW'),284,237,47
('LoadLibraryA'; 'HeapFree'),307,262,45
('RegOpenKeyExW'; 'RegCloseKey'),358,302,56
('LocalAlloc'; 'GetCurrentThreadId'),316,269,47
('GetProcAddress'; 'IsBadWritePtr'),194,156,38
('RegSetValueExW'; 'GetCurrentThread'),272,226,46
('GetCurrentProcessId'; 'RegQueryValueExW'),303,258,45
('GetCurrentThread'; 'GlobalUnlock'),260,215,45
('RegQueryValueExW'; 'RegCloseKey'),351,295,56
('GetCurrentThreadId'; 'HeapFree'),332,285,47
('GetFileAttributesW'; 'GetEnvironmentVariableW'),222,222,0
('GetFileAttributesW'; 'CreateProcessW'),215,215,0
('RegOpenKeyExA'; 'RegQueryValueExW'),348,293,55
('GetModuleFileNameW'; 'HeapFree'),183,151,32
('GlobalLock'; 'GetCurrentThread'),260,215,45
('HeapFree'; 'RegCloseKey'),322,275,47
('GlobalSize'; 'RegOpenKeyExA'),256,211,45
('LoadLibraryExW'; 'GlobalFree'),252,213,39
('IsBadStringPtrW'; 'RegEnumKeyW'),264,218,46
('GlobalUnlock'; 'GetCurrentProcessId'),265,220,45
('RegCreateKeyExW'; 'LoadLibraryA'),207,164,43
('GlobalUnlock'; 'IsBadReadPtr'),263,218,45
('GlobalLock'; 'SetThreadPriority'),162,118,44
('LocalFree'; 'RegEnumKeyW'),265,219,46
('GetCurrentThreadId'; 'GlobalLock'),269,223,46
('GlobalReAlloc'; 'RegEnumKeyW'),258,213,45
('GetProcAddress'; 'GetCurrentThread'),191,153,38
('GetCurrentThread'; 'GlobalFree'),268,223,45
('GlobalSize'; 'GetLongPathNameW'),210,210,0
('GlobalFree'; 'IsBadStringPtrW'),260,215,45
('SetThreadPriority'; 'IsBadWritePtr'),164,120,44
('IsBadWritePtr'; 'IsBadReadPtr'),289,242,47
('LoadLibraryExW'; 'RegOpenKeyExA'),268,227,41
('GlobalUnlock'; 'IsBadWritePtr'),263,218,45
('GetCurrentThread'; 'RegOpenKeyExA'),283,237,46
('RegCreateKeyExW'; 'LocalAlloc'),193,148,45
('RegSetValueExW'; 'CreateProcessW'),254,215,39
('IsBadWritePtr'; 'IsBadWritePtr'),298,251,47
('LocalAlloc'; 'RegEnumValueW'),293,247,46
('GlobalAlloc'; 'RegOpenKeyExW'),275,230,45
('GlobalFree'; 'RegCloseKey'),270,225,45
('GetCurrentThread'; 'GetLongPathNameW'),218,218,0
('SetThreadPriority'; 'GetCurrentThread'),165,121,44
('RegQueryValueW'; 'GetCurrentProcessId'),264,218,46
('RegOpenKeyExA'; 'RegQueryValueW'),265,218,47
('RegOpenKeyExA'; 'GlobalAlloc'),274,229,45
('CreateProcessW'; 'GetCurrentProcessId'),257,211,46
('GetLongPathNameW'; 'HeapAlloc'),223,223,0
('RegEnumValueW'; 'RegQueryValueExW'),319,269,50
('CreateProcessW'; 'IsBadReadPtr'),258,212,46
('GetCurrentProcessId'; 'LoadLibraryExW'),280,242,38
('GlobalUnlock'; 'GetCurrentThreadId'),268,222,46
('LoadLibraryExW'; 'RegCreateKeyExW'),182,142,40
('RegEnumKeyW'; 'GetProcAddress'),160,122,38
('GetCurrentProcessId'; 'RegSetValueExW'),272,227,45
('RegSetValueExW'; 'RegOpenKeyExW'),272,226,46
('GetEnvironmentVariableW'; 'LocalFree'),279,233,46
('GetCurrentThreadId'; 'GetModuleFileNameW'),184,152,32
('RegOpenKeyExA'; 'RegSetValueExW'),274,228,46
('HeapAlloc'; 'RegQueryValueExW'),312,265,47
('GetFileAttributesW'; 'LocalFree'),234,234,0
('CreateProcessW'; 'IsBadWritePtr'),258,212,46
('IsBadStringPtrW'; 'GetCurrentProcessId'),294,248,46
('LoadLibraryA'; 'LoadLibraryExW'),169,136,33
('RegOpenKeyExA'; 'GlobalUnlock'),265,220,45
('IsBadWritePtr'; 'GetCurrentThreadId'),299,252,47
('LocalFree'; 'GetCurrentProcessId'),305,259,46
('GlobalReAlloc'; 'GetCurrentProcessId'),260,215,45
('GlobalLock'; 'RegOpenKeyExW'),264,219,45
('LocalFree'; 'IsBadReadPtr'),289,243,46
('GlobalSize'; 'IsBadStringPtrW'),255,210,45
('RegQueryValueW'; 'GetCurrentThread'),264,218,46
('RegCloseKey'; 'SetThreadPriority'),165,120,45
('RegCloseKey'; 'GetFileAttributesW'),242,242,0
('GlobalUnlock'; 'GetEnvironmentVariableW'),259,214,45
('GlobalUnlock'; 'CreateProcessW'),256,211,45
('GetCurrentThreadId'; 'RegCreateKeyExW'),195,150,45
('GetFullPathNameW'; 'IsBadReadPtr'),235,235,0
('GetCurrentThreadId'; 'GlobalSize'),257,211,46
('CreateProcessW'; 'GetCurrentThread'),253,207,46
('IsBadStringPtrW'; 'IsBadWritePtr'),296,250,46
('GetCurrentProcessId'; 'GetFullPathNameW'),245,245,0
('LocalFree'; 'IsBadWritePtr'),290,244,46
('GlobalReAlloc'; 'IsBadWritePtr'),260,215,45
('LoadLibraryExW'; 'IsBadStringPtrW'),283,242,41
('RegOpenKeyExA'; 'GetFullPathNameW'),245,245,0
('IsBadWritePtr'; 'GetEnvironmentVariableW'),271,225,46
('GlobalSize'; 'RegCloseKey'),256,211,45
('GetFullPathNameW'; 'IsBadWritePtr'),234,234,0
('OpenProcess'; 'HeapFree'),166,120,46
('CreateProcessW'; 'GetCurrentThreadId'),261,215,46
('GetCurrentThread'; 'IsBadStringPtrW'),269,223,46
('RegOpenKeyExW'; 'RegEnumValueW'),329,276,53
('LoadLibraryA'; 'HeapAlloc'),308,263,45
('RegCloseKey'; 'LoadLibraryA'),337,284,53
('HeapAlloc'; 'RegQueryValueW'),264,218,46
('RegQueryValueExW'; 'RegEnumValueW'),315,262,53
('RegEnumKeyW'; 'OpenProcess'),159,113,46
('IsBadStringPtrW'; 'GetCurrentThread'),281,235,46
('RegEnumValueW'; 'LoadLibraryExW'),268,229,39
('GlobalReAlloc'; 'GetCurrentThread'),259,214,45
('GetCurrentThreadId'; 'HeapAlloc'),332,285,47
('HeapAlloc'; 'GlobalAlloc'),281,235,46
('IsBadWritePtr'; 'RegEnumValueW'),280,234,46
('RegOpenKeyExA'; 'GetLongPathNameW'),222,222,0
('LoadLibraryExW'; 'RegCloseKey'),288,245,43
('GetModuleFileNameW'; 'HeapAlloc'),184,152,32
('RegEnumValueW'; 'RegSetValueExW'),271,225,46
('RegEnumKeyW'; 'HeapFree'),265,219,46
('RegQueryValueW'; 'CreateProcessW'),260,214,46
('GetProcAddress'; 'LocalFree'),215,176,39
('LocalFree'; 'GetCurrentThreadId'),311,265,46
('GetCurrentThreadId'; 'IsBadStringPtrW'),296,250,46
('RegOpenKeyExW'; 'GetFileAttributesW'),241,241,0
