GlobalReAlloc, RegOpenKeyExW
Pattern_Name,Total_Unique_Count,Malicious_Unique_Count,Beneign_Unique_Count
('RegOpenKeyExW';),0,0,0
('LoadLibraryA';),0,0,0
('GetProcAddress';),0,0,0
('RegOpenKeyExA';),0,0,0
('LocalAlloc';),0,0,0
('HeapAlloc';),0,0,0
('HeapFree';),0,0,0
('IsBadReadPtr';),0,0,0
('IsBadWritePtr';),0,0,0
('LocalFree';),0,0,0
('RegQueryValueExW';),0,0,0
('RegCloseKey';),0,0,0
('GetCurrentThread';),0,0,0
('GlobalAlloc';),0,0,0
('GlobalLock';),0,0,0
('GetCurrentThreadId';),0,0,0
('RegQueryValueW';),0,0,0
('GlobalUnlock';),0,0,0
('RegEnumKeyW';),0,0,0
('IsBadStringPtrW';),0,0,0
('GetCurrentProcessId';),0,0,0
('GlobalReAlloc';),0,0,0
('GlobalSize';),0,0,0
('GlobalFree';),0,0,0
('RegEnumValueW';),0,0,0
('GetEnvironmentVariableW';),0,0,0
('RegCreateKeyExW';),0,0,0
('LoadLibraryExW';),0,0,0
('RegSetValueExW';),0,0,0
('CreateProcessW';),0,0,0
('SetThreadPriority';),0,0,0
('OpenProcess';),0,0,0
('GetModuleFileNameW';),0,0,0
('ReadFile';),0,0,0
('LoadLibraryW';),0,0,0
('GetFileAttributesW';),0,0,0
('GetFullPathNameW';),0,0,0
('GetLongPathNameW';),0,0,0
('GetFileAttributesW'; 'GetCurrentThreadId'),0,0,0
('RegCloseKey'; 'LocalAlloc'),0,0,0
('HeapAlloc'; 'RegSetValueExW'),0,0,0
('RegEnumKeyW'; 'GlobalLock'),0,0,0
('GetFullPathNameW'; 'GetCurrentThreadId'),0,0,0
('HeapAlloc'; 'GlobalUnlock'),0,0,0
('HeapFree'; 'SetThreadPriority'),0,0,0
('HeapFree'; 'GetFileAttributesW'),0,0,0
('GetEnvironmentVariableW'; 'GetProcAddress'),0,0,0
('RegCreateKeyExW'; 'HeapFree'),0,0,0
('RegEnumValueW'; 'GetFullPathNameW'),0,0,0
('IsBadStringPtrW'; 'CreateProcessW'),0,0,0
('SetThreadPriority'; 'LocalFree'),0,0,0
('RegQueryValueW'; 'RegOpenKeyExW'),0,0,0
('LocalFree'; 'GetEnvironmentVariableW'),0,0,0
('GetFileAttributesW'; 'RegQueryValueExW'),0,0,0
('GlobalReAlloc'; 'CreateProcessW'),0,0,0
('GlobalUnlock'; 'LocalFree'),0,0,0
('RegOpenKeyExW'; 'LoadLibraryA'),0,0,0
('LocalFree'; 'CreateProcessW'),0,0,0
('RegEnumKeyW'; 'GlobalFree'),0,0,0
('GlobalAlloc'; 'RegQueryValueExW'),0,0,0
('HeapAlloc'; 'GetFullPathNameW'),0,0,0
('LocalAlloc'; 'GetProcAddress'),0,0,0
('HeapFree'; 'LoadLibraryA'),0,0,0
('IsBadWritePtr'; 'LocalFree'),0,0,0
('LocalFree'; 'RegEnumValueW'),0,0,0
('IsBadReadPtr'; 'LoadLibraryExW'),0,0,0
('GetLongPathNameW'; 'GetCurrentProcessId'),0,0,0
('HeapAlloc'; 'RegOpenKeyExA'),0,0,0
('GlobalFree'; 'SetThreadPriority'),0,0,0
('GlobalFree'; 'GetFileAttributesW'),0,0,0
('RegOpenKeyExW'; 'LocalAlloc'),0,0,0
('IsBadStringPtrW'; 'RegOpenKeyExW'),0,0,0
('HeapAlloc'; 'GetLongPathNameW'),0,0,0
('RegQueryValueExW'; 'LocalAlloc'),0,0,0
('RegSetValueExW'; 'RegQueryValueExW'),0,0,0
('HeapFree'; 'LocalAlloc'),0,0,0
('GetEnvironmentVariableW'; 'OpenProcess'),0,0,0
('GetLongPathNameW'; 'IsBadWritePtr'),0,0,0
('CreateProcessW'; 'LocalFree'),0,0,0
('RegOpenKeyExA'; 'RegCloseKey'),0,0,0
('GlobalFree'; 'LoadLibraryA'),0,0,0
('GetProcAddress'; 'RegQueryValueExW'),0,0,0
('IsBadReadPtr'; 'GetFullPathNameW'),0,0,0
('RegEnumKeyW'; 'RegCreateKeyExW'),0,0,0
('GlobalSize'; 'RegEnumValueW'),0,0,0
('RegEnumKeyW'; 'GlobalSize'),0,0,0
('GetLongPathNameW'; 'GetCurrentThread'),0,0,0
('GetCurrentProcessId'; 'GetCurrentProcessId'),0,0,0
('GetCurrentProcessId'; 'IsBadReadPtr'),0,0,0
('LocalAlloc'; 'OpenProcess'),0,0,0
('IsBadStringPtrW'; 'LocalFree'),0,0,0
('OpenProcess'; 'HeapAlloc'),0,0,0
('GlobalAlloc'; 'LoadLibraryExW'),0,0,0
('GetFileAttributesW'; 'RegSetValueExW'),0,0,0
('RegOpenKeyExA'; 'IsBadReadPtr'),0,0,0
('LocalFree'; 'LocalFree'),0,0,0
('GlobalReAlloc'; 'LocalFree'),0,0,0
('GetEnvironmentVariableW'; 'GlobalUnlock'),0,0,0
('GetFileAttributesW'; 'GlobalUnlock'),0,0,0
('RegCloseKey'; 'GlobalReAlloc'),0,0,0
('GlobalAlloc'; 'RegSetValueExW'),0,0,0
('GlobalFree'; 'LocalAlloc'),0,0,0
('LoadLibraryA'; 'GetCurrentProcessId'),0,0,0
('LocalAlloc'; 'HeapFree'),0,0,0
('GlobalUnlock'; 'GetProcAddress'),0,0,0
('GetCurrentProcessId'; 'IsBadWritePtr'),0,0,0
('GetFullPathNameW'; 'LocalFree'),0,0,0
('SetThreadPriority'; 'RegQueryValueExW'),0,0,0
('GlobalSize'; 'GetFileAttributesW'),0,0,0
('GetCurrentThread'; 'RegEnumValueW'),0,0,0
('GlobalUnlock'; 'RegQueryValueExW'),0,0,0
('GetEnvironmentVariableW'; 'GlobalFree'),0,0,0
('LocalAlloc'; 'GlobalLock'),0,0,0
('IsBadWritePtr'; 'GetProcAddress'),0,0,0
('RegCloseKey'; 'HeapFree'),0,0,0
('GetFileAttributesW'; 'GetFullPathNameW'),0,0,0
('RegEnumKeyW'; 'IsBadStringPtrW'),0,0,0
('RegCloseKey'; 'LoadLibraryW'),0,0,0
('RegSetValueExW'; 'RegSetValueExW'),0,0,0
('GlobalLock'; 'LoadLibraryExW'),0,0,0
('GlobalAlloc'; 'GetFullPathNameW'),0,0,0
('GetEnvironmentVariableW'; 'RegOpenKeyExA'),0,0,0
('RegSetValueExW'; 'GlobalUnlock'),0,0,0
('GetFileAttributesW'; 'RegOpenKeyExA'),0,0,0
('GetCurrentThread'; 'GetFileAttributesW'),0,0,0
('RegCloseKey'; 'GlobalLock'),0,0,0
('GlobalSize'; 'LoadLibraryA'),0,0,0
('GetCurrentProcessId'; 'GetCurrentThreadId'),0,0,0
('LocalAlloc'; 'GlobalFree'),0,0,0
('GetEnvironmentVariableW'; 'GetLongPathNameW'),0,0,0
('IsBadReadPtr'; 'RegEnumKeyW'),0,0,0
('RegCreateKeyExW'; 'HeapAlloc'),0,0,0
('GetFileAttributesW'; 'GetLongPathNameW'),0,0,0
('RegOpenKeyExA'; 'GetCurrentThreadId'),0,0,0
('HeapAlloc'; 'RegCloseKey'),0,0,0
('RegEnumValueW'; 'GetCurrentProcessId'),0,0,0
('LoadLibraryA'; 'GetCurrentThread'),0,0,0
('RegEnumValueW'; 'IsBadReadPtr'),0,0,0
('RegOpenKeyExW'; 'GlobalReAlloc'),0,0,0
('GetProcAddress'; 'RegSetValueExW'),0,0,0
('RegQueryValueW'; 'RegQueryValueExW'),0,0,0
('RegQueryValueExW'; 'GlobalReAlloc'),0,0,0
('LoadLibraryExW'; 'LoadLibraryA'),0,0,0
('GlobalUnlock'; 'RegQueryValueW'),0,0,0
('GlobalUnlock'; 'OpenProcess'),0,0,0
('GetCurrentThreadId'; 'SetThreadPriority'),0,0,0
('RegSetValueExW'; 'GetFullPathNameW'),0,0,0
('CreateProcessW'; 'RegQueryValueExW'),0,0,0
('HeapFree'; 'GlobalReAlloc'),0,0,0
('GlobalSize'; 'LocalAlloc'),0,0,0
('GlobalUnlock'; 'GlobalAlloc'),0,0,0
('RegEnumValueW'; 'IsBadWritePtr'),0,0,0
('HeapAlloc'; 'IsBadReadPtr'),0,0,0
('GetCurrentThread'; 'LoadLibraryA'),0,0,0
('RegQueryValueExW'; 'OpenProcess'),0,0,0
('GetCurrentProcessId'; 'GetEnvironmentVariableW'),0,0,0
('GetCurrentProcessId'; 'CreateProcessW'),0,0,0
('RegOpenKeyExW'; 'HeapFree'),0,0,0
('IsBadWritePtr'; 'OpenProcess'),0,0,0
('IsBadWritePtr'; 'RegQueryValueW'),0,0,0
('LocalAlloc'; 'GetModuleFileNameW'),0,0,0
('GlobalLock'; 'GetFullPathNameW'),0,0,0
('RegOpenKeyExA'; 'GetEnvironmentVariableW'),0,0,0
('GetEnvironmentVariableW'; 'RegCreateKeyExW'),0,0,0
('RegOpenKeyExW'; 'LoadLibraryW'),0,0,0
('IsBadWritePtr'; 'GlobalAlloc'),0,0,0
('RegQueryValueExW'; 'HeapFree'),0,0,0
('LocalFree'; 'GetProcAddress'),0,0,0
('SetThreadPriority'; 'RegSetValueExW'),0,0,0
('IsBadStringPtrW'; 'RegQueryValueExW'),0,0,0
('IsBadStringPtrW'; 'GlobalAlloc'),0,0,0
('RegSetValueExW'; 'GetLongPathNameW'),0,0,0
('LoadLibraryExW'; 'LocalAlloc'),0,0,0
('GlobalReAlloc'; 'RegQueryValueExW'),0,0,0
('GlobalUnlock'; 'RegSetValueExW'),0,0,0
('RegOpenKeyExW'; 'GlobalLock'),0,0,0
('HeapFree'; 'HeapFree'),0,0,0
('GetCurrentProcessId'; 'RegEnumValueW'),0,0,0
('GlobalUnlock'; 'GlobalUnlock'),0,0,0
('GetCurrentThread'; 'LocalAlloc'),0,0,0
('RegQueryValueExW'; 'GlobalLock'),0,0,0
('RegOpenKeyExA'; 'RegEnumValueW'),0,0,0
('GlobalAlloc'; 'RegEnumKeyW'),0,0,0
('GetProcAddress'; 'RegOpenKeyExA'),0,0,0
('RegCloseKey'; 'GetModuleFileNameW'),0,0,0
('LocalAlloc'; 'RegCreateKeyExW'),0,0,0
('LocalAlloc'; 'GlobalSize'),0,0,0
('HeapFree'; 'GlobalLock'),0,0,0
('RegEnumValueW'; 'GetCurrentThreadId'),0,0,0
('GetLongPathNameW'; 'LocalFree'),0,0,0
('IsBadWritePtr'; 'GlobalUnlock'),0,0,0
('CreateProcessW'; 'OpenProcess'),0,0,0
('RegCloseKey'; 'LoadLibraryExW'),0,0,0
('IsBadReadPtr'; 'GetCurrentProcessId'),0,0,0
('GlobalUnlock'; 'GlobalFree'),0,0,0
('GetEnvironmentVariableW'; 'IsBadStringPtrW'),0,0,0
('IsBadReadPtr'; 'IsBadReadPtr'),0,0,0
('HeapAlloc'; 'GetCurrentThreadId'),0,0,0
('LoadLibraryA'; 'RegOpenKeyExW'),0,0,0
('GlobalFree'; 'HeapFree'),0,0,0
('RegQueryValueW'; 'RegSetValueExW'),0,0,0
('SetThreadPriority'; 'RegOpenKeyExA'),0,0,0
('IsBadWritePtr'; 'GlobalFree'),0,0,0
('RegQueryValueW'; 'GlobalUnlock'),0,0,0
('LocalFree'; 'RegQueryValueW'),0,0,0
('LocalFree'; 'OpenProcess'),0,0,0
('GlobalReAlloc'; 'RegQueryValueW'),0,0,0
('GlobalUnlock'; 'RegOpenKeyExA'),0,0,0
('RegEnumValueW'; 'GetEnvironmentVariableW'),0,0,0
('CreateProcessW'; 'RegSetValueExW'),0,0,0
('GetCurrentThreadId'; 'RegOpenKeyExW'),0,0,0
('GetEnvironmentVariableW'; 'RegCloseKey'),0,0,0
('IsBadReadPtr'; 'IsBadWritePtr'),0,0,0
('LocalFree'; 'GlobalAlloc'),0,0,0
('GlobalReAlloc'; 'GlobalAlloc'),0,0,0
('GetModuleFileNameW'; 'RegOpenKeyExW'),0,0,0
('LocalAlloc'; 'IsBadStringPtrW'),0,0,0
('GlobalLock'; 'RegEnumKeyW'),0,0,0
('GetFileAttributesW'; 'RegCloseKey'),0,0,0
('GlobalUnlock'; 'GetLongPathNameW'),0,0,0
('CreateProcessW'; 'GlobalUnlock'),0,0,0
('OpenProcess'; 'IsBadWritePtr'),0,0,0
('IsBadWritePtr'; 'RegOpenKeyExA'),0,0,0
('GetCurrentProcessId'; 'LocalFree'),0,0,0
('RegOpenKeyExW'; 'GetModuleFileNameW'),0,0,0
('RegCloseKey'; 'HeapAlloc'),0,0,0
('HeapAlloc'; 'GetEnvironmentVariableW'),0,0,0
('RegQueryValueExW'; 'GetModuleFileNameW'),0,0,0
('IsBadWritePtr'; 'GetLongPathNameW'),0,0,0
('IsBadReadPtr'; 'GetCurrentThread'),0,0,0
('IsBadStringPtrW'; 'RegSetValueExW'),0,0,0
('RegQueryValueW'; 'GetFullPathNameW'),0,0,0
('GlobalReAlloc'; 'RegSetValueExW'),0,0,0
('IsBadStringPtrW'; 'GlobalUnlock'),0,0,0
('HeapFree'; 'GetModuleFileNameW'),0,0,0
('CreateProcessW'; 'GlobalFree'),0,0,0
('GetFileAttributesW'; 'IsBadReadPtr'),0,0,0
('LocalFree'; 'GlobalUnlock'),0,0,0
('GlobalReAlloc'; 'GlobalUnlock'),0,0,0
('GlobalAlloc'; 'GetCurrentProcessId'),0,0,0
('OpenProcess'; 'GetCurrentThread'),0,0,0
('HeapAlloc'; 'RegEnumValueW'),0,0,0
('GlobalAlloc'; 'IsBadReadPtr'),0,0,0
('IsBadReadPtr'; 'GetCurrentThreadId'),0,0,0
('RegOpenKeyExW'; 'RegCreateKeyExW'),0,0,0
('RegOpenKeyExW'; 'GlobalSize'),0,0,0
('HeapFree'; 'LoadLibraryExW'),0,0,0
('RegQueryValueExW'; 'RegCreateKeyExW'),0,0,0
('RegQueryValueExW'; 'GlobalSize'),0,0,0
('CreateProcessW'; 'RegOpenKeyExA'),0,0,0
('RegQueryValueW'; 'GetLongPathNameW'),0,0,0
('IsBadWritePtr'; 'RegCreateKeyExW'),0,0,0
('GlobalAlloc'; 'IsBadWritePtr'),0,0,0
('LocalFree'; 'GlobalFree'),0,0,0
('IsBadStringPtrW'; 'GetFullPathNameW'),0,0,0
('CreateProcessW'; 'GetLongPathNameW'),0,0,0
('GlobalSize'; 'HeapFree'),0,0,0
('GlobalReAlloc'; 'GetFullPathNameW'),0,0,0
('GetCurrentThread'; 'GlobalReAlloc'),0,0,0
('RegEnumKeyW'; 'SetThreadPriority'),0,0,0
('GetLongPathNameW'; 'RegQueryValueExW'),0,0,0
('RegSetValueExW'; 'IsBadReadPtr'),0,0,0
('GetFullPathNameW'; 'GlobalFree'),0,0,0
('GetProcAddress'; 'RegCloseKey'),0,0,0
('IsBadReadPtr'; 'CreateProcessW'),0,0,0
('IsBadReadPtr'; 'GetEnvironmentVariableW'),0,0,0
('RegEnumKeyW'; 'GetFileAttributesW'),0,0,0
('RegOpenKeyExW'; 'HeapAlloc'),0,0,0
('LocalFree'; 'RegOpenKeyExA'),0,0,0
('GlobalLock'; 'GetCurrentProcessId'),0,0,0
('GlobalSize'; 'GlobalLock'),0,0,0
('GlobalLock'; 'IsBadReadPtr'),0,0,0
('IsBadStringPtrW'; 'GetLongPathNameW'),0,0,0
('LoadLibraryExW'; 'HeapFree'),0,0,0
('RegEnumValueW'; 'LocalFree'),0,0,0
('RegOpenKeyExW'; 'IsBadStringPtrW'),0,0,0
('GlobalFree'; 'LoadLibraryExW'),0,0,0
('HeapFree'; 'HeapAlloc'),0,0,0
('RegSetValueExW'; 'IsBadWritePtr'),0,0,0
('GlobalReAlloc'; 'GetLongPathNameW'),0,0,0
('GetFullPathNameW'; 'RegOpenKeyExA'),0,0,0
('LocalFree'; 'GetLongPathNameW'),0,0,0
('RegCreateKeyExW'; 'GetCurrentThread'),0,0,0
('GetCurrentThread'; 'HeapFree'),0,0,0
('RegCloseKey'; 'RegEnumKeyW'),0,0,0
('GetProcAddress'; 'IsBadReadPtr'),0,0,0
('RegQueryValueExW'; 'IsBadStringPtrW'),0,0,0
('GlobalAlloc'; 'GetCurrentThreadId'),0,0,0
('RegEnumKeyW'; 'LoadLibraryA'),0,0,0
('IsBadWritePtr'; 'IsBadStringPtrW'),0,0,0
('RegCreateKeyExW'; 'SetThreadPriority'),0,0,0
('GlobalLock'; 'IsBadWritePtr'),0,0,0
('GetFullPathNameW'; 'GetLongPathNameW'),0,0,0
('SetThreadPriority'; 'RegCloseKey'),0,0,0
('GetCurrentProcessId'; 'GetProcAddress'),0,0,0
('GetCurrentThread'; 'GlobalLock'),0,0,0
('GlobalUnlock'; 'RegCloseKey'),0,0,0
('RegOpenKeyExA'; 'GetProcAddress'),0,0,0
('OpenProcess'; 'RegOpenKeyExW'),0,0,0
('IsBadWritePtr'; 'RegCloseKey'),0,0,0
('SetThreadPriority'; 'IsBadReadPtr'),0,0,0
('RegSetValueExW'; 'GetCurrentThreadId'),0,0,0
('RegEnumKeyW'; 'LocalAlloc'),0,0,0
('GlobalAlloc'; 'GetEnvironmentVariableW'),0,0,0
('GlobalFree'; 'HeapAlloc'),0,0,0
('GlobalAlloc'; 'CreateProcessW'),0,0,0
('LoadLibraryA'; 'RegQueryValueExW'),0,0,0
('GetFileAttributesW'; 'RegEnumValueW'),0,0,0
('GlobalLock'; 'GetCurrentThreadId'),0,0,0
('GetModuleFileNameW'; 'RegQueryValueExW'),0,0,0
('GetLongPathNameW'; 'RegSetValueExW'),0,0,0
('GlobalAlloc'; 'RegEnumValueW'),0,0,0
('GetProcAddress'; 'GetCurrentThreadId'),0,0,0
('IsBadReadPtr'; 'LocalFree'),0,0,0
('GetLongPathNameW'; 'GlobalUnlock'),0,0,0
('HeapFree'; 'RegEnumKeyW'),0,0,0
('RegSetValueExW'; 'GetEnvironmentVariableW'),0,0,0
('CreateProcessW'; 'RegCloseKey'),0,0,0
('RegCloseKey'; 'GetCurrentProcessId'),0,0,0
('LocalFree'; 'IsBadStringPtrW'),0,0,0
('LoadLibraryExW'; 'GetModuleFileNameW'),0,0,0
('GetCurrentProcessId'; 'OpenProcess'),0,0,0
('GetEnvironmentVariableW'; 'GetFileAttributesW'),0,0,0
('OpenProcess'; 'LocalFree'),0,0,0
('GlobalSize'; 'RegCreateKeyExW'),0,0,0
('RegOpenKeyExA'; 'OpenProcess'),0,0,0
('GlobalSize'; 'GlobalSize'),0,0,0
('RegEnumValueW'; 'GetProcAddress'),0,0,0
('GlobalLock'; 'GetEnvironmentVariableW'),0,0,0
('GlobalLock'; 'CreateProcessW'),0,0,0
('RegQueryValueW'; 'IsBadReadPtr'),0,0,0
('RegCreateKeyExW'; 'RegOpenKeyExW'),0,0,0
('GetFullPathNameW'; 'IsBadStringPtrW'),0,0,0
('GetLongPathNameW'; 'GlobalFree'),0,0,0
('LoadLibraryExW'; 'LoadLibraryExW'),0,0,0
('RegSetValueExW'; 'RegEnumValueW'),0,0,0
('RegOpenKeyExA'; 'HeapFree'),0,0,0
('RegCloseKey'; 'IsBadWritePtr'),0,0,0
('SetThreadPriority'; 'GetCurrentThreadId'),0,0,0
('LocalFree'; 'RegCloseKey'),0,0,0
('GlobalReAlloc'; 'RegCloseKey'),0,0,0
('HeapAlloc'; 'GetProcAddress'),0,0,0
('RegQueryValueW'; 'IsBadWritePtr'),0,0,0
('LocalAlloc'; 'SetThreadPriority'),0,0,0
('LocalAlloc'; 'GetFileAttributesW'),0,0,0
('GetEnvironmentVariableW'; 'LoadLibraryA'),0,0,0
('GetLongPathNameW'; 'RegOpenKeyExA'),0,0,0
('GetCurrentProcessId'; 'GlobalUnlock'),0,0,0
('GetCurrentThread'; 'RegCreateKeyExW'),0,0,0
('GlobalSize'; 'HeapAlloc'),0,0,0
('GetFullPathNameW'; 'RegCloseKey'),0,0,0
('GlobalFree'; 'RegEnumKeyW'),0,0,0
('GetCurrentThread'; 'GlobalSize'),0,0,0
('RegOpenKeyExA'; 'GlobalLock'),0,0,0
('IsBadStringPtrW'; 'IsBadReadPtr'),0,0,0
('RegCloseKey'; 'GetCurrentThread'),0,0,0
('GlobalReAlloc'; 'IsBadReadPtr'),0,0,0
('GlobalAlloc'; 'LocalFree'),0,0,0
('GetCurrentThreadId'; 'LoadLibraryExW'),0,0,0
('LoadLibraryA'; 'RegSetValueExW'),0,0,0
('LoadLibraryExW'; 'HeapAlloc'),0,0,0
('GetCurrentProcessId'; 'GlobalFree'),0,0,0
('LocalAlloc'; 'LoadLibraryA'),0,0,0
('GetEnvironmentVariableW'; 'LocalAlloc'),0,0,0
('RegOpenKeyExA'; 'GlobalFree'),0,0,0
('GetCurrentThread'; 'HeapAlloc'),0,0,0
('RegEnumValueW'; 'OpenProcess'),0,0,0
('HeapFree'; 'GetCurrentProcessId'),0,0,0
('RegQueryValueW'; 'GetCurrentThreadId'),0,0,0
('RegEnumKeyW'; 'GlobalReAlloc'),0,0,0
('GetCurrentProcessId'; 'RegOpenKeyExA'),0,0,0
('IsBadReadPtr'; 'GetProcAddress'),0,0,0
('RegSetValueExW'; 'LocalFree'),0,0,0
('GlobalUnlock'; 'RegEnumValueW'),0,0,0
('RegOpenKeyExA'; 'RegOpenKeyExA'),0,0,0
('HeapAlloc'; 'OpenProcess'),0,0,0
('GetCurrentProcessId'; 'GetLongPathNameW'),0,0,0
('IsBadReadPtr'; 'RegQueryValueExW'),0,0,0
('GlobalLock'; 'LocalFree'),0,0,0
('LocalAlloc'; 'LocalAlloc'),0,0,0
('GetCurrentThreadId'; 'GetFullPathNameW'),0,0,0
('RegCloseKey'; 'CreateProcessW'),0,0,0
('IsBadStringPtrW'; 'GetCurrentThreadId'),0,0,0
('HeapAlloc'; 'HeapFree'),0,0,0
('RegQueryValueW'; 'GetEnvironmentVariableW'),0,0,0
('RegEnumValueW'; 'GlobalUnlock'),0,0,0
('OpenProcess'; 'RegQueryValueExW'),0,0,0
('GlobalReAlloc'; 'GetCurrentThreadId'),0,0,0
('LocalAlloc'; 'RegOpenKeyExW'),0,0,0
('RegOpenKeyExW'; 'SetThreadPriority'),0,0,0
('GlobalUnlock'; 'GetFileAttributesW'),0,0,0
('GlobalFree'; 'GetCurrentProcessId'),0,0,0
('HeapFree'; 'GetCurrentThread'),0,0,0
('RegQueryValueExW'; 'GetFileAttributesW'),0,0,0
('RegQueryValueExW'; 'SetThreadPriority'),0,0,0
('HeapAlloc'; 'GlobalLock'),0,0,0
('RegQueryValueW'; 'RegEnumValueW'),0,0,0
('IsBadWritePtr'; 'GetFileAttributesW'),0,0,0
('LoadLibraryW'; 'RegOpenKeyExW'),0,0,0
('RegEnumValueW'; 'GlobalFree'),0,0,0
('RegOpenKeyExA'; 'RegCreateKeyExW'),0,0,0
('RegOpenKeyExA'; 'GlobalSize'),0,0,0
('RegCloseKey'; 'RegOpenKeyExW'),0,0,0
('GlobalFree'; 'IsBadWritePtr'),0,0,0
('IsBadStringPtrW'; 'GetEnvironmentVariableW'),0,0,0
('GlobalAlloc'; 'GetProcAddress'),0,0,0
('GlobalReAlloc'; 'GetEnvironmentVariableW'),0,0,0
('GlobalUnlock'; 'LoadLibraryA'),0,0,0
('IsBadReadPtr'; 'OpenProcess'),0,0,0
('IsBadReadPtr'; 'RegQueryValueW'),0,0,0
('HeapAlloc'; 'GlobalFree'),0,0,0
('RegQueryValueExW'; 'LoadLibraryA'),0,0,0
('GetLongPathNameW'; 'RegCloseKey'),0,0,0
('IsBadReadPtr'; 'GlobalAlloc'),0,0,0
('RegEnumValueW'; 'RegOpenKeyExA'),0,0,0
('IsBadStringPtrW'; 'RegEnumValueW'),0,0,0
('IsBadWritePtr'; 'LoadLibraryA'),0,0,0
('RegEnumValueW'; 'GetLongPathNameW'),0,0,0
('GlobalFree'; 'GetCurrentThread'),0,0,0
('GlobalReAlloc'; 'RegEnumValueW'),0,0,0
('RegCreateKeyExW'; 'RegQueryValueExW'),0,0,0
('GetCurrentThreadId'; 'RegEnumKeyW'),0,0,0
('HeapFree'; 'CreateProcessW'),0,0,0
('GetCurrentProcessId'; 'IsBadStringPtrW'),0,0,0
('GetLongPathNameW'; 'IsBadReadPtr'),0,0,0
('GlobalUnlock'; 'LocalAlloc'),0,0,0
('IsBadReadPtr'; 'RegSetValueExW'),0,0,0
('RegSetValueExW'; 'GetProcAddress'),0,0,0
('RegOpenKeyExA'; 'IsBadStringPtrW'),0,0,0
('IsBadReadPtr'; 'GlobalUnlock'),0,0,0
('GlobalLock'; 'GetProcAddress'),0,0,0
('HeapAlloc'; 'GetModuleFileNameW'),0,0,0
('OpenProcess'; 'RegSetValueExW'),0,0,0
('RegQueryValueW'; 'LocalFree'),0,0,0
('RegOpenKeyExW'; 'RegOpenKeyExW'),0,0,0
('IsBadWritePtr'; 'LocalAlloc'),0,0,0
('LocalFree'; 'GetFileAttributesW'),0,0,0
('GetCurrentProcessId'; 'RegCloseKey'),0,0,0
('GlobalLock'; 'RegQueryValueExW'),0,0,0
('GetProcAddress'; 'GetProcAddress'),0,0,0
('CreateProcessW'; 'LoadLibraryA'),0,0,0
('RegQueryValueExW'; 'RegOpenKeyExW'),0,0,0
('GlobalAlloc'; 'RegQueryValueW'),0,0,0
('GlobalAlloc'; 'OpenProcess'),0,0,0
('RegEnumKeyW'; 'LoadLibraryExW'),0,0,0
('GetEnvironmentVariableW'; 'HeapFree'),0,0,0
('HeapFree'; 'RegOpenKeyExW'),0,0,0
('IsBadReadPtr'; 'GlobalFree'),0,0,0
('GetFileAttributesW'; 'HeapFree'),0,0,0
('GetFullPathNameW'; 'GetFileAttributesW'),0,0,0
('LoadLibraryExW'; 'GetCurrentProcessId'),0,0,0
('GlobalAlloc'; 'GlobalAlloc'),0,0,0
('LocalAlloc'; 'GlobalReAlloc'),0,0,0
('GlobalFree'; 'CreateProcessW'),0,0,0
('HeapAlloc'; 'RegCreateKeyExW'),0,0,0
('HeapAlloc'; 'GlobalSize'),0,0,0
('LocalFree'; 'LoadLibraryA'),0,0,0
('IsBadReadPtr'; 'RegOpenKeyExA'),0,0,0
('CreateProcessW'; 'LocalAlloc'),0,0,0
('LoadLibraryExW'; 'IsBadWritePtr'),0,0,0
('GetLongPathNameW'; 'GetCurrentThreadId'),0,0,0
('IsBadReadPtr'; 'GetLongPathNameW'),0,0,0
('RegSetValueExW'; 'OpenProcess'),0,0,0
('RegSetValueExW'; 'RegQueryValueW'),0,0,0
('GlobalSize'; 'GetCurrentThread'),0,0,0
('GetFullPathNameW'; 'LoadLibraryA'),0,0,0
('GlobalAlloc'; 'GlobalUnlock'),0,0,0
('LoadLibraryA'; 'IsBadReadPtr'),0,0,0
('RegEnumValueW'; 'IsBadStringPtrW'),0,0,0
('RegSetValueExW'; 'GlobalAlloc'),0,0,0
('GetCurrentThreadId'; 'GetCurrentProcessId'),0,0,0
('GlobalSize'; 'SetThreadPriority'),0,0,0
('RegCreateKeyExW'; 'RegSetValueExW'),0,0,0
('RegEnumKeyW'; 'HeapAlloc'),0,0,0
('GlobalLock'; 'OpenProcess'),0,0,0
('GetCurrentThreadId'; 'IsBadReadPtr'),0,0,0
('GlobalFree'; 'RegOpenKeyExW'),0,0,0
('GlobalLock'; 'RegQueryValueW'),0,0,0
('GetModuleFileNameW'; 'IsBadReadPtr'),0,0,0
('GlobalLock'; 'GlobalAlloc'),0,0,0
('LocalFree'; 'LocalAlloc'),0,0,0
('GetFileAttributesW'; 'GlobalFree'),0,0,0
('LoadLibraryExW'; 'GetCurrentThread'),0,0,0
('LoadLibraryA'; 'IsBadWritePtr'),0,0,0
('HeapAlloc'; 'IsBadStringPtrW'),0,0,0
('GlobalAlloc'; 'GlobalFree'),0,0,0
('GetCurrentThread'; 'GetCurrentThread'),0,0,0
('GetCurrentThreadId'; 'IsBadWritePtr'),0,0,0
('RegEnumValueW'; 'RegCloseKey'),0,0,0
('GetFullPathNameW'; 'LocalAlloc'),0,0,0
('GetModuleFileNameW'; 'IsBadWritePtr'),0,0,0
('GetCurrentThread'; 'SetThreadPriority'),0,0,0
('GetProcAddress'; 'HeapFree'),0,0,0
('GlobalLock'; 'RegSetValueExW'),0,0,0
('RegQueryValueW'; 'GetProcAddress'),0,0,0
('GlobalLock'; 'GlobalUnlock'),0,0,0
('GlobalAlloc'; 'RegOpenKeyExA'),0,0,0
('RegCloseKey'; 'RegQueryValueExW'),0,0,0
('GetCurrentThreadId'; 'GetCurrentThread'),0,0,0
('GlobalAlloc'; 'GetLongPathNameW'),0,0,0
('GlobalFree'; 'LocalFree'),0,0,0
('RegSetValueExW'; 'GlobalFree'),0,0,0
('LoadLibraryA'; 'GetCurrentThreadId'),0,0,0
('GetEnvironmentVariableW'; 'LoadLibraryExW'),0,0,0
('IsBadWritePtr'; 'GlobalReAlloc'),0,0,0
('LoadLibraryExW'; 'CreateProcessW'),0,0,0
('SetThreadPriority'; 'HeapFree'),0,0,0
('GetCurrentThreadId'; 'GetCurrentThreadId'),0,0,0
('GlobalLock'; 'GlobalFree'),0,0,0
('GetModuleFileNameW'; 'GetCurrentThreadId'),0,0,0
('GlobalUnlock'; 'HeapFree'),0,0,0
('IsBadStringPtrW'; 'GetProcAddress'),0,0,0
('RegSetValueExW'; 'RegOpenKeyExA'),0,0,0
('GlobalReAlloc'; 'GetProcAddress'),0,0,0
('RegEnumKeyW'; 'RegEnumKeyW'),0,0,0
('GetProcAddress'; 'GlobalFree'),0,0,0
('GlobalSize'; 'RegOpenKeyExW'),0,0,0
('GlobalLock'; 'RegOpenKeyExA'),0,0,0
('IsBadWritePtr'; 'HeapFree'),0,0,0
('GlobalUnlock'; 'GlobalLock'),0,0,0
('LocalAlloc'; 'LoadLibraryExW'),0,0,0
('GlobalLock'; 'GetLongPathNameW'),0,0,0
('IsBadReadPtr'; 'RegCloseKey'),0,0,0
('RegOpenKeyExA'; 'ReadFile'),0,0,0
('GetCurrentThreadId'; 'GetEnvironmentVariableW'),0,0,0
('RegQueryValueW'; 'OpenProcess'),0,0,0
('LoadLibraryExW'; 'RegOpenKeyExW'),0,0,0
('GetCurrentThreadId'; 'CreateProcessW'),0,0,0
('RegQueryValueW'; 'RegQueryValueW'),0,0,0
('IsBadWritePtr'; 'GlobalLock'),0,0,0
('GetEnvironmentVariableW'; 'HeapAlloc'),0,0,0
('RegQueryValueW'; 'GlobalAlloc'),0,0,0
('GetCurrentThread'; 'RegOpenKeyExW'),0,0,0
('HeapFree'; 'RegQueryValueExW'),0,0,0
('RegSetValueExW'; 'RegCreateKeyExW'),0,0,0
('GetFileAttributesW'; 'IsBadStringPtrW'),0,0,0
('GetCurrentProcessId'; 'GetFileAttributesW'),0,0,0
('RegCloseKey'; 'RegSetValueExW'),0,0,0
('CreateProcessW'; 'HeapFree'),0,0,0
('LocalFree'; 'GlobalReAlloc'),0,0,0
('RegOpenKeyExA'; 'GetFileAttributesW'),0,0,0
('RegCloseKey'; 'GlobalUnlock'),0,0,0
('RegOpenKeyExA'; 'SetThreadPriority'),0,0,0
('GlobalAlloc'; 'IsBadStringPtrW'),0,0,0
('IsBadStringPtrW'; 'RegQueryValueW'),0,0,0
('IsBadStringPtrW'; 'OpenProcess'),0,0,0
('OpenProcess'; 'IsBadReadPtr'),0,0,0
('LocalAlloc'; 'HeapAlloc'),0,0,0
('GlobalReAlloc'; 'OpenProcess'),0,0,0
('IsBadStringPtrW'; 'HeapFree'),0,0,0
('GetCurrentProcessId'; 'LoadLibraryA'),0,0,0
('LocalFree'; 'HeapFree'),0,0,0
('GlobalReAlloc'; 'HeapFree'),0,0,0
('RegEnumKeyW'; 'GetCurrentProcessId'),0,0,0
('GlobalAlloc'; 'RegCloseKey'),0,0,0
('GlobalFree'; 'RegQueryValueExW'),0,0,0
('RegOpenKeyExA'; 'LoadLibraryA'),0,0,0
('RegCloseKey'; 'GetFullPathNameW'),0,0,0
('RegQueryValueW'; 'GlobalFree'),0,0,0
('RegEnumValueW'; 'RegEnumValueW'),0,0,0
('RegSetValueExW'; 'IsBadStringPtrW'),0,0,0
('IsBadStringPtrW'; 'GlobalLock'),0,0,0
('GetFullPathNameW'; 'HeapFree'),0,0,0
('LocalFree'; 'GlobalLock'),0,0,0
('GlobalReAlloc'; 'GlobalLock'),0,0,0
('IsBadWritePtr'; 'GetModuleFileNameW'),0,0,0
('RegOpenKeyExW'; 'LoadLibraryExW'),0,0,0
('LoadLibraryA'; 'LocalFree'),0,0,0
('SetThreadPriority'; 'RegCreateKeyExW'),0,0,0
('RegQueryValueExW'; 'LoadLibraryExW'),0,0,0
('RegEnumKeyW'; 'IsBadWritePtr'),0,0,0
('GlobalUnlock'; 'RegCreateKeyExW'),0,0,0
('RegQueryValueW'; 'RegOpenKeyExA'),0,0,0
('GlobalUnlock'; 'GlobalSize'),0,0,0
('RegCloseKey'; 'GetLongPathNameW'),0,0,0
('GetCurrentThreadId'; 'LocalFree'),0,0,0
('GetCurrentProcessId'; 'LocalAlloc'),0,0,0
('IsBadWritePtr'; 'LoadLibraryExW'),0,0,0
('GetProcAddress'; 'IsBadStringPtrW'),0,0,0
('GetModuleFileNameW'; 'LocalFree'),0,0,0
('RegCreateKeyExW'; 'IsBadReadPtr'),0,0,0
('RegSetValueExW'; 'RegCloseKey'),0,0,0
('RegOpenKeyExA'; 'LocalAlloc'),0,0,0
('RegEnumValueW'; 'GetFileAttributesW'),0,0,0
('IsBadStringPtrW'; 'GlobalFree'),0,0,0
('HeapFree'; 'RegSetValueExW'),0,0,0
('OpenProcess'; 'GetCurrentThreadId'),0,0,0
('IsBadWritePtr'; 'GlobalSize'),0,0,0
('GlobalReAlloc'; 'GlobalFree'),0,0,0
('HeapFree'; 'GlobalUnlock'),0,0,0
('GlobalLock'; 'RegCloseKey'),0,0,0
('RegEnumKeyW'; 'GetCurrentThread'),0,0,0
('LocalAlloc'; 'RegEnumKeyW'),0,0,0
('RegCreateKeyExW'; 'IsBadWritePtr'),0,0,0
('HeapAlloc'; 'SetThreadPriority'),0,0,0
('HeapAlloc'; 'GetFileAttributesW'),0,0,0
('GlobalUnlock'; 'HeapAlloc'),0,0,0
('IsBadStringPtrW'; 'RegOpenKeyExA'),0,0,0
('RegOpenKeyExW'; 'GetFullPathNameW'),0,0,0
('GlobalReAlloc'; 'RegOpenKeyExA'),0,0,0
('RegQueryValueExW'; 'HeapAlloc'),0,0,0
('SetThreadPriority'; 'IsBadStringPtrW'),0,0,0
('RegEnumValueW'; 'LoadLibraryA'),0,0,0
('RegQueryValueW'; 'RegCreateKeyExW'),0,0,0
('RegQueryValueW'; 'GlobalSize'),0,0,0
('GlobalUnlock'; 'IsBadStringPtrW'),0,0,0
('IsBadWritePtr'; 'HeapAlloc'),0,0,0
('HeapFree'; 'GetFullPathNameW'),0,0,0
('IsBadReadPtr'; 'RegEnumValueW'),0,0,0
('CreateProcessW'; 'RegCreateKeyExW'),0,0,0
('LocalFree'; 'GetModuleFileNameW'),0,0,0
('GlobalFree'; 'RegSetValueExW'),0,0,0
('HeapAlloc'; 'LoadLibraryA'),0,0,0
('GlobalFree'; 'GlobalUnlock'),0,0,0
('RegCreateKeyExW'; 'GetCurrentThreadId'),0,0,0
('LoadLibraryExW'; 'RegQueryValueExW'),0,0,0
('RegEnumKeyW'; 'CreateProcessW'),0,0,0
('GetEnvironmentVariableW'; 'GetCurrentProcessId'),0,0,0
('RegEnumValueW'; 'LocalAlloc'),0,0,0
('HeapFree'; 'GetLongPathNameW'),0,0,0
('IsBadStringPtrW'; 'RegCreateKeyExW'),0,0,0
('IsBadStringPtrW'; 'GlobalSize'),0,0,0
('GetCurrentThread'; 'RegQueryValueExW'),0,0,0
('LocalFree'; 'RegCreateKeyExW'),0,0,0
('GlobalReAlloc'; 'RegCreateKeyExW'),0,0,0
('LocalFree'; 'GlobalSize'),0,0,0
('GlobalReAlloc'; 'GlobalSize'),0,0,0
('GetFullPathNameW'; 'LoadLibraryExW'),0,0,0
('LoadLibraryA'; 'GetProcAddress'),0,0,0
('CreateProcessW'; 'HeapAlloc'),0,0,0
('RegQueryValueW'; 'IsBadStringPtrW'),0,0,0
('HeapAlloc'; 'LocalAlloc'),0,0,0
('GlobalFree'; 'GetFullPathNameW'),0,0,0
('GetCurrentThreadId'; 'GetProcAddress'),0,0,0
('GetLongPathNameW'; 'HeapFree'),0,0,0
('CreateProcessW'; 'IsBadStringPtrW'),0,0,0
('LocalAlloc'; 'GetCurrentProcessId'),0,0,0
('RegOpenKeyExW'; 'RegEnumKeyW'),0,0,0
('GetCurrentThreadId'; 'RegQueryValueExW'),0,0,0
('RegEnumKeyW'; 'RegOpenKeyExW'),0,0,0
('RegQueryValueExW'; 'RegEnumKeyW'),0,0,0
('LocalFree'; 'HeapAlloc'),0,0,0
('RegQueryValueW'; 'RegCloseKey'),0,0,0
('GlobalFree'; 'GetLongPathNameW'),0,0,0
('GetEnvironmentVariableW'; 'GetCurrentThread'),0,0,0
('GlobalSize'; 'LoadLibraryExW'),0,0,0
('IsBadStringPtrW'; 'IsBadStringPtrW'),0,0,0
('RegOpenKeyExA'; 'GlobalReAlloc'),0,0,0
('LocalAlloc'; 'IsBadWritePtr'),0,0,0
('GetFullPathNameW'; 'HeapAlloc'),0,0,0
('GlobalReAlloc'; 'IsBadStringPtrW'),0,0,0
('GetEnvironmentVariableW'; 'SetThreadPriority'),0,0,0
('GlobalSize'; 'RegSetValueExW'),0,0,0
('RegCloseKey'; 'IsBadReadPtr'),0,0,0
('GetFileAttributesW'; 'GetFileAttributesW'),0,0,0
('GetCurrentProcessId'; 'HeapFree'),0,0,0
('GlobalAlloc'; 'GetFileAttributesW'),0,0,0
('IsBadReadPtr'; 'LocalAlloc'),0,0,0
('GetCurrentThread'; 'RegCloseKey'),0,0,0
('IsBadStringPtrW'; 'RegCloseKey'),0,0,0
('LocalAlloc'; 'GetCurrentThread'),0,0,0
('GetCurrentThread'; 'LoadLibraryExW'),0,0,0
('RegOpenKeyExA'; 'LoadLibraryW'),0,0,0
('LoadLibraryExW'; 'RegSetValueExW'),0,0,0
('RegEnumKeyW'; 'LocalFree'),0,0,0
('GetCurrentThreadId'; 'RegQueryValueW'),0,0,0
('GlobalLock'; 'RegEnumValueW'),0,0,0
('GetCurrentThreadId'; 'OpenProcess'),0,0,0
('LoadLibraryExW'; 'GlobalUnlock'),0,0,0
('GetCurrentThread'; 'RegSetValueExW'),0,0,0
('GetCurrentThreadId'; 'GlobalAlloc'),0,0,0
('GetFileAttributesW'; 'LoadLibraryA'),0,0,0
('GlobalSize'; 'GetFullPathNameW'),0,0,0
('GetEnvironmentVariableW'; 'CreateProcessW'),0,0,0
('GlobalAlloc'; 'LoadLibraryA'),0,0,0
('RegSetValueExW'; 'SetThreadPriority'),0,0,0
('RegSetValueExW'; 'GetFileAttributesW'),0,0,0
('RegOpenKeyExW'; 'GetCurrentProcessId'),0,0,0
('RegOpenKeyExW'; 'IsBadReadPtr'),0,0,0
('GetCurrentThreadId'; 'RegSetValueExW'),0,0,0
('GlobalLock'; 'GetFileAttributesW'),0,0,0
('RegCreateKeyExW'; 'LocalFree'),0,0,0
('RegCloseKey'; 'GetCurrentThreadId'),0,0,0
('RegQueryValueExW'; 'GetCurrentProcessId'),0,0,0
('GetCurrentThreadId'; 'GlobalUnlock'),0,0,0
('RegQueryValueExW'; 'IsBadReadPtr'),0,0,0
('GetFileAttributesW'; 'LocalAlloc'),0,0,0
('GetCurrentThread'; 'GetFullPathNameW'),0,0,0
('IsBadWritePtr'; 'GetCurrentProcessId'),0,0,0
('LocalAlloc'; 'GetEnvironmentVariableW'),0,0,0
('LocalAlloc'; 'CreateProcessW'),0,0,0
('HeapFree'; 'IsBadReadPtr'),0,0,0
('GlobalAlloc'; 'LocalAlloc'),0,0,0
('RegOpenKeyExW'; 'IsBadWritePtr'),0,0,0
('RegSetValueExW'; 'LoadLibraryA'),0,0,0
('GetEnvironmentVariableW'; 'RegOpenKeyExW'),0,0,0
('HeapAlloc'; 'GlobalReAlloc'),0,0,0
('LoadLibraryA'; 'GlobalFree'),0,0,0
('GetFileAttributesW'; 'RegOpenKeyExW'),0,0,0
('RegEnumValueW'; 'HeapFree'),0,0,0
('LoadLibraryExW'; 'GetLongPathNameW'),0,0,0
('RegQueryValueExW'; 'IsBadWritePtr'),0,0,0
('GetCurrentThreadId'; 'GlobalFree'),0,0,0
('GlobalLock'; 'LoadLibraryA'),0,0,0
('HeapFree'; 'IsBadWritePtr'),0,0,0
('RegCloseKey'; 'GetEnvironmentVariableW'),0,0,0
('GetCurrentProcessId'; 'GetModuleFileNameW'),0,0,0
('LoadLibraryA'; 'RegOpenKeyExA'),0,0,0
('GlobalUnlock'; 'GetCurrentThread'),0,0,0
('RegOpenKeyExW'; 'GetCurrentThread'),0,0,0
('RegOpenKeyExA'; 'GetModuleFileNameW'),0,0,0
('SetThreadPriority'; 'SetThreadPriority'),0,0,0
('GetProcAddress'; 'LoadLibraryA'),0,0,0
('RegSetValueExW'; 'LocalAlloc'),0,0,0
('GlobalSize'; 'RegEnumKeyW'),0,0,0
('GlobalUnlock'; 'SetThreadPriority'),0,0,0
('GetCurrentThreadId'; 'RegOpenKeyExA'),0,0,0
('RegQueryValueExW'; 'GetCurrentThread'),0,0,0
('GetModuleFileNameW'; 'RegOpenKeyExA'),0,0,0
('RegCloseKey'; 'RegEnumValueW'),0,0,0
('IsBadWritePtr'; 'GetCurrentThread'),0,0,0
('GlobalFree'; 'IsBadReadPtr'),0,0,0
('RegOpenKeyExW'; 'GetCurrentThreadId'),0,0,0
('RegOpenKeyExA'; 'LoadLibraryExW'),0,0,0
('GlobalLock'; 'LocalAlloc'),0,0,0
('GetCurrentThreadId'; 'GetLongPathNameW'),0,0,0
('GetLongPathNameW'; 'IsBadStringPtrW'),0,0,0
('GetCurrentProcessId'; 'RegCreateKeyExW'),0,0,0
('RegQueryValueExW'; 'GetCurrentThreadId'),0,0,0
('IsBadWritePtr'; 'SetThreadPriority'),0,0,0
('RegEnumKeyW'; 'RegQueryValueExW'),0,0,0
('IsBadReadPtr'; 'GlobalReAlloc'),0,0,0
('HeapFree'; 'GetCurrentThreadId'),0,0,0
('GetProcAddress'; 'LocalAlloc'),0,0,0
('SetThreadPriority'; 'LoadLibraryA'),0,0,0
('GetCurrentThread'; 'RegEnumKeyW'),0,0,0
('LoadLibraryA'; 'RegCreateKeyExW'),0,0,0
('GetFullPathNameW'; 'GetCurrentProcessId'),0,0,0
('GetProcAddress'; 'RegOpenKeyExW'),0,0,0
('RegOpenKeyExW'; 'GetEnvironmentVariableW'),0,0,0
('RegOpenKeyExW'; 'CreateProcessW'),0,0,0
('RegQueryValueW'; 'SetThreadPriority'),0,0,0
('RegQueryValueW'; 'GetFileAttributesW'),0,0,0
('LocalAlloc'; 'LocalFree'),0,0,0
('GetCurrentProcessId'; 'HeapAlloc'),0,0,0
('IsBadReadPtr'; 'HeapFree'),0,0,0
('RegQueryValueExW'; 'GetEnvironmentVariableW'),0,0,0
('RegQueryValueExW'; 'CreateProcessW'),0,0,0
('RegOpenKeyExA'; 'HeapAlloc'),0,0,0
('CreateProcessW'; 'SetThreadPriority'),0,0,0
('SetThreadPriority'; 'LocalAlloc'),0,0,0
('IsBadWritePtr'; 'CreateProcessW'),0,0,0
('HeapFree'; 'GetEnvironmentVariableW'),0,0,0
('IsBadReadPtr'; 'GlobalLock'),0,0,0
('GlobalFree'; 'GetCurrentThreadId'),0,0,0
('RegEnumKeyW'; 'RegQueryValueW'),0,0,0
('RegCloseKey'; 'LocalFree'),0,0,0
('SetThreadPriority'; 'RegOpenKeyExW'),0,0,0
('LocalFree'; 'GetCurrentThread'),0,0,0
('RegQueryValueW'; 'LoadLibraryA'),0,0,0
('GlobalSize'; 'GetCurrentProcessId'),0,0,0
('IsBadStringPtrW'; 'SetThreadPriority'),0,0,0
('IsBadStringPtrW'; 'GetFileAttributesW'),0,0,0
('GlobalUnlock'; 'RegOpenKeyExW'),0,0,0
('RegEnumKeyW'; 'GlobalAlloc'),0,0,0
('GlobalSize'; 'IsBadReadPtr'),0,0,0
('LocalFree'; 'SetThreadPriority'),0,0,0
('GlobalReAlloc'; 'SetThreadPriority'),0,0,0
('HeapFree'; 'RegEnumValueW'),0,0,0
('RegEnumValueW'; 'RegCreateKeyExW'),0,0,0
('LoadLibraryA'; 'IsBadStringPtrW'),0,0,0
('GlobalAlloc'; 'GlobalReAlloc'),0,0,0
('GetFullPathNameW'; 'GetCurrentThread'),0,0,0
('GlobalReAlloc'; 'GetFileAttributesW'),0,0,0
('HeapAlloc'; 'LoadLibraryExW'),0,0,0
('GetModuleFileNameW'; 'IsBadStringPtrW'),0,0,0
('IsBadWritePtr'; 'RegOpenKeyExW'),0,0,0
('GlobalSize'; 'IsBadWritePtr'),0,0,0
('GlobalFree'; 'GetEnvironmentVariableW'),0,0,0
('LoadLibraryExW'; 'IsBadReadPtr'),0,0,0
('RegEnumKeyW'; 'RegSetValueExW'),0,0,0
('LoadLibraryA'; 'RegCloseKey'),0,0,0
('RegQueryValueW'; 'LocalAlloc'),0,0,0
('GlobalAlloc'; 'HeapFree'),0,0,0
('RegEnumKeyW'; 'GlobalUnlock'),0,0,0
('GetCurrentThread'; 'GetCurrentProcessId'),0,0,0
('IsBadStringPtrW'; 'LoadLibraryA'),0,0,0
('GetCurrentThread'; 'IsBadReadPtr'),0,0,0
('GlobalReAlloc'; 'LoadLibraryA'),0,0,0
('GetCurrentThreadId'; 'RegCloseKey'),0,0,0
('RegSetValueExW'; 'GlobalReAlloc'),0,0,0
('RegEnumValueW'; 'HeapAlloc'),0,0,0
('GetEnvironmentVariableW'; 'RegQueryValueExW'),0,0,0
('GetModuleFileNameW'; 'RegCloseKey'),0,0,0
('GlobalFree'; 'RegEnumValueW'),0,0,0
('GlobalAlloc'; 'GlobalLock'),0,0,0
('RegOpenKeyExA'; 'RegEnumKeyW'),0,0,0
('GlobalLock'; 'GlobalReAlloc'),0,0,0
('RegOpenKeyExW'; 'LocalFree'),0,0,0
('OpenProcess'; 'RegOpenKeyExA'),0,0,0
('GetCurrentThread'; 'IsBadWritePtr'),0,0,0
('IsBadReadPtr'; 'GetModuleFileNameW'),0,0,0
('CreateProcessW'; 'RegOpenKeyExW'),0,0,0
('RegQueryValueExW'; 'LocalFree'),0,0,0
('HeapAlloc'; 'HeapAlloc'),0,0,0
('RegEnumKeyW'; 'GetFullPathNameW'),0,0,0
('GetFullPathNameW'; 'CreateProcessW'),0,0,0
('IsBadStringPtrW'; 'LocalAlloc'),0,0,0
('GlobalSize'; 'GetCurrentThreadId'),0,0,0
('RegSetValueExW'; 'HeapFree'),0,0,0
('HeapFree'; 'LocalFree'),0,0,0
('GlobalReAlloc'; 'LocalAlloc'),0,0,0
('LocalAlloc'; 'RegQueryValueExW'),0,0,0
('RegEnumKeyW'; 'RegOpenKeyExA'),0,0,0
('GlobalLock'; 'HeapFree'),0,0,0
('RegSetValueExW'; 'GlobalLock'),0,0,0
('IsBadReadPtr'; 'RegCreateKeyExW'),0,0,0
('LoadLibraryW'; 'GetProcAddress'),0,0,0
('IsBadReadPtr'; 'GlobalSize'),0,0,0
('LocalFree'; 'RegOpenKeyExW'),0,0,0
('LoadLibraryExW'; 'GetCurrentThreadId'),0,0,0
('RegEnumKeyW'; 'GetLongPathNameW'),0,0,0
('RegCloseKey'; 'GetProcAddress'),0,0,0
('GetProcAddress'; 'LoadLibraryW'),0,0,0
('GlobalLock'; 'GlobalLock'),0,0,0
('GetCurrentThread'; 'GetCurrentThreadId'),0,0,0
('OpenProcess'; 'RegCreateKeyExW'),0,0,0
('GetFullPathNameW'; 'RegOpenKeyExW'),0,0,0
('GlobalSize'; 'GetEnvironmentVariableW'),0,0,0
('GlobalSize'; 'CreateProcessW'),0,0,0
('RegCreateKeyExW'; 'RegOpenKeyExA'),0,0,0
('IsBadReadPtr'; 'HeapAlloc'),0,0,0
('GetFileAttributesW'; 'LoadLibraryExW'),0,0,0
('LocalAlloc'; 'RegQueryValueW'),0,0,0
('GetEnvironmentVariableW'; 'RegSetValueExW'),0,0,0
('RegOpenKeyExA'; 'GetCurrentProcessId'),0,0,0
('IsBadReadPtr'; 'IsBadStringPtrW'),0,0,0
('GetCurrentThread'; 'GetEnvironmentVariableW'),0,0,0
('RegEnumValueW'; 'CreateProcessW'),0,0,0
('GetCurrentThread'; 'CreateProcessW'),0,0,0
('HeapAlloc'; 'RegEnumKeyW'),0,0,0
('LocalAlloc'; 'GlobalAlloc'),0,0,0
('GlobalAlloc'; 'RegCreateKeyExW'),0,0,0
('OpenProcess'; 'IsBadStringPtrW'),0,0,0
('GlobalAlloc'; 'GlobalSize'),0,0,0
('RegOpenKeyExW'; 'GetProcAddress'),0,0,0
('RegQueryValueW'; 'GlobalReAlloc'),0,0,0
('RegCloseKey'; 'RegQueryValueW'),0,0,0
('RegOpenKeyExA'; 'IsBadWritePtr'),0,0,0
('RegQueryValueExW'; 'GetProcAddress'),0,0,0
('RegCloseKey'; 'OpenProcess'),0,0,0
('RegCreateKeyExW'; 'RegCreateKeyExW'),0,0,0
('RegOpenKeyExW'; 'RegQueryValueExW'),0,0,0
('LocalAlloc'; 'RegSetValueExW'),0,0,0
('RegCloseKey'; 'GlobalAlloc'),0,0,0
('HeapFree'; 'GetProcAddress'),0,0,0
('LocalAlloc'; 'GlobalUnlock'),0,0,0
('RegQueryValueExW'; 'RegQueryValueExW'),0,0,0
('RegSetValueExW'; 'LoadLibraryExW'),0,0,0
('GetEnvironmentVariableW'; 'GetFullPathNameW'),0,0,0
('GetFileAttributesW'; 'HeapAlloc'),0,0,0
('GetLongPathNameW'; 'LoadLibraryA'),0,0,0
('OpenProcess'; 'RegCloseKey'),0,0,0
('GetCurrentProcessId'; 'GetCurrentThread'),0,0,0
('IsBadWritePtr'; 'RegQueryValueExW'),0,0,0
('RegQueryValueW'; 'HeapFree'),0,0,0
('GlobalAlloc'; 'HeapAlloc'),0,0,0
('RegOpenKeyExA'; 'GetCurrentThread'),0,0,0
('RegSetValueExW'; 'GlobalSize'),0,0,0
('GetCurrentThreadId'; 'RegEnumValueW'),0,0,0
('GetCurrentProcessId'; 'SetThreadPriority'),0,0,0
('IsBadStringPtrW'; 'GlobalReAlloc'),0,0,0
('GlobalSize'; 'LocalFree'),0,0,0
('GlobalLock'; 'RegCreateKeyExW'),0,0,0
('GetProcAddress'; 'LoadLibraryExW'),0,0,0
('GlobalLock'; 'GlobalSize'),0,0,0
('RegQueryValueW'; 'GlobalLock'),0,0,0
('RegEnumKeyW'; 'RegCloseKey'),0,0,0
('LocalAlloc'; 'GetFullPathNameW'),0,0,0
('GetLongPathNameW'; 'LocalAlloc'),0,0,0
('RegCreateKeyExW'; 'IsBadStringPtrW'),0,0,0
('GlobalFree'; 'GetProcAddress'),0,0,0
('RegOpenKeyExW'; 'RegQueryValueW'),0,0,0
('RegOpenKeyExW'; 'OpenProcess'),0,0,0
('LocalAlloc'; 'RegOpenKeyExA'),0,0,0
('LoadLibraryExW'; 'LocalFree'),0,0,0
('RegSetValueExW'; 'HeapAlloc'),0,0,0
('GetCurrentThreadId'; 'GetFileAttributesW'),0,0,0
('RegCloseKey'; 'GlobalFree'),0,0,0
('HeapAlloc'; 'GetCurrentProcessId'),0,0,0
('GetLongPathNameW'; 'RegOpenKeyExW'),0,0,0
('RegOpenKeyExW'; 'GlobalAlloc'),0,0,0
('RegQueryValueExW'; 'RegQueryValueW'),0,0,0
('RegEnumKeyW'; 'IsBadReadPtr'),0,0,0
('GetCurrentThread'; 'LocalFree'),0,0,0
('LocalAlloc'; 'GetLongPathNameW'),0,0,0
('GlobalLock'; 'HeapAlloc'),0,0,0
('RegQueryValueExW'; 'GlobalAlloc'),0,0,0
('HeapFree'; 'RegQueryValueW'),0,0,0
('HeapFree'; 'OpenProcess'),0,0,0
('RegCreateKeyExW'; 'RegCloseKey'),0,0,0
('RegOpenKeyExA'; 'CreateProcessW'),0,0,0
('LoadLibraryW'; 'RegOpenKeyExA'),0,0,0
('GlobalUnlock'; 'LoadLibraryExW'),0,0,0
('HeapFree'; 'GlobalAlloc'),0,0,0
('LoadLibraryA'; 'LoadLibraryA'),0,0,0
('RegCloseKey'; 'RegOpenKeyExA'),0,0,0
('GetProcAddress'; 'HeapAlloc'),0,0,0
('HeapAlloc'; 'IsBadWritePtr'),0,0,0
('GlobalLock'; 'IsBadStringPtrW'),0,0,0
('LocalFree'; 'RegQueryValueExW'),0,0,0
('RegOpenKeyExW'; 'RegSetValueExW'),0,0,0
('GetCurrentThreadId'; 'LoadLibraryA'),0,0,0
('RegEnumValueW'; 'GetCurrentThread'),0,0,0
('RegOpenKeyExW'; 'GlobalUnlock'),0,0,0
('RegQueryValueExW'; 'RegSetValueExW'),0,0,0
('RegEnumValueW'; 'SetThreadPriority'),0,0,0
('RegQueryValueExW'; 'GlobalUnlock'),0,0,0
('GetFullPathNameW'; 'RegQueryValueExW'),0,0,0
('IsBadWritePtr'; 'RegSetValueExW'),0,0,0
('GetCurrentProcessId'; 'RegOpenKeyExW'),0,0,0
('HeapAlloc'; 'GetCurrentThread'),0,0,0
('LoadLibraryA'; 'LocalAlloc'),0,0,0
('RegOpenKeyExA'; 'RegOpenKeyExW'),0,0,0
('GlobalFree'; 'RegQueryValueW'),0,0,0
('SetThreadPriority'; 'HeapAlloc'),0,0,0
('GlobalFree'; 'OpenProcess'),0,0,0
('RegOpenKeyExW'; 'GlobalFree'),0,0,0
('GetCurrentThreadId'; 'LocalAlloc'),0,0,0
('RegQueryValueW'; 'LoadLibraryExW'),0,0,0
('GlobalFree'; 'GlobalAlloc'),0,0,0
('GlobalUnlock'; 'GetFullPathNameW'),0,0,0
('RegQueryValueExW'; 'GlobalFree'),0,0,0
('RegEnumKeyW'; 'GetCurrentThreadId'),0,0,0
('GetModuleFileNameW'; 'LocalAlloc'),0,0,0
('RegCloseKey'; 'RegCreateKeyExW'),0,0,0
('RegCloseKey'; 'GlobalSize'),0,0,0
('RegSetValueExW'; 'RegEnumKeyW'),0,0,0
('RegQueryValueExW'; 'GetFullPathNameW'),0,0,0
('HeapFree'; 'GlobalFree'),0,0,0
('IsBadWritePtr'; 'GetFullPathNameW'),0,0,0
('RegOpenKeyExW'; 'RegOpenKeyExA'),0,0,0
('GlobalSize'; 'RegQueryValueExW'),0,0,0
('IsBadStringPtrW'; 'GetModuleFileNameW'),0,0,0
('RegQueryValueExW'; 'RegOpenKeyExA'),0,0,0
('GlobalFree'; 'GlobalLock'),0,0,0
('RegOpenKeyExW'; 'GetLongPathNameW'),0,0,0
('LoadLibraryExW'; 'GetProcAddress'),0,0,0
('HeapFree'; 'RegOpenKeyExA'),0,0,0
('IsBadStringPtrW'; 'LoadLibraryExW'),0,0,0
('RegQueryValueExW'; 'GetLongPathNameW'),0,0,0
('GetCurrentThread'; 'GetProcAddress'),0,0,0
('LocalFree'; 'LoadLibraryExW'),0,0,0
('HeapAlloc'; 'CreateProcessW'),0,0,0
('RegEnumKeyW'; 'GetEnvironmentVariableW'),0,0,0
('GlobalReAlloc'; 'LoadLibraryExW'),0,0,0
('RegOpenKeyExA'; 'LocalFree'),0,0,0
('GetFileAttributesW'; 'GetCurrentProcessId'),0,0,0
('RegQueryValueW'; 'HeapAlloc'),0,0,0
('GetEnvironmentVariableW'; 'IsBadReadPtr'),0,0,0
('LocalFree'; 'RegSetValueExW'),0,0,0
('RegCloseKey'; 'IsBadStringPtrW'),0,0,0
('LocalAlloc'; 'RegCloseKey'),0,0,0
('IsBadReadPtr'; 'GetFileAttributesW'),0,0,0
('IsBadReadPtr'; 'SetThreadPriority'),0,0,0
('GlobalFree'; 'GlobalFree'),0,0,0
('RegEnumValueW'; 'RegOpenKeyExW'),0,0,0
('RegEnumKeyW'; 'RegEnumValueW'),0,0,0
('GetFullPathNameW'; 'RegSetValueExW'),0,0,0
('GetEnvironmentVariableW'; 'IsBadWritePtr'),0,0,0
('OpenProcess'; 'SetThreadPriority'),0,0,0
('GetFileAttributesW'; 'IsBadWritePtr'),0,0,0
('GetFullPathNameW'; 'GlobalUnlock'),0,0,0
('GlobalSize'; 'OpenProcess'),0,0,0
('GlobalSize'; 'RegQueryValueW'),0,0,0
('LoadLibraryW'; 'RegCloseKey'),0,0,0
('GlobalUnlock'; 'RegEnumKeyW'),0,0,0
('LocalAlloc'; 'IsBadReadPtr'),0,0,0
('GlobalSize'; 'GlobalAlloc'),0,0,0
('RegCloseKey'; 'RegCloseKey'),0,0,0
('HeapFree'; 'RegCreateKeyExW'),0,0,0
('HeapAlloc'; 'RegOpenKeyExW'),0,0,0
('GlobalFree'; 'RegOpenKeyExA'),0,0,0
('HeapFree'; 'GlobalSize'),0,0,0
('IsBadStringPtrW'; 'HeapAlloc'),0,0,0
('IsBadReadPtr'; 'LoadLibraryA'),0,0,0
('GlobalReAlloc'; 'HeapAlloc'),0,0,0
('LocalFree'; 'GetFullPathNameW'),0,0,0
('RegSetValueExW'; 'GetCurrentProcessId'),0,0,0
('IsBadWritePtr'; 'RegEnumKeyW'),0,0,0
('GetFileAttributesW'; 'GetCurrentThread'),0,0,0
('GetFullPathNameW'; 'GetFullPathNameW'),0,0,0
('OpenProcess'; 'LoadLibraryA'),0,0,0
('GetCurrentThread'; 'RegQueryValueW'),0,0,0
('GetCurrentThread'; 'OpenProcess'),0,0,0
('GlobalAlloc'; 'GetCurrentThread'),0,0,0
('GlobalSize'; 'GlobalUnlock'),0,0,0
('GetEnvironmentVariableW'; 'GetCurrentThreadId'),0,0,0
('GetCurrentThread'; 'GlobalAlloc'),0,0,0
('GlobalAlloc'; 'SetThreadPriority'),0,0,0
('GetProcAddress'; 'GetCurrentProcessId'),0,0,0
('GetCurrentThreadId'; 'GlobalReAlloc'),0,0,0
('RegQueryValueW'; 'RegEnumKeyW'),0,0,0
('GlobalFree'; 'RegCreateKeyExW'),0,0,0
('GlobalFree'; 'GlobalSize'),0,0,0
('HeapFree'; 'IsBadStringPtrW'),0,0,0
('HeapAlloc'; 'LocalFree'),0,0,0
('OpenProcess'; 'LocalAlloc'),0,0,0
('GlobalSize'; 'GlobalFree'),0,0,0
('IsBadReadPtr'; 'RegOpenKeyExW'),0,0,0
('LoadLibraryA'; 'HeapFree'),0,0,0
('RegOpenKeyExW'; 'RegCloseKey'),0,0,0
('LocalAlloc'; 'GetCurrentThreadId'),0,0,0
('GetProcAddress'; 'IsBadWritePtr'),0,0,0
('RegSetValueExW'; 'GetCurrentThread'),0,0,0
('GetCurrentProcessId'; 'RegQueryValueExW'),0,0,0
('GetCurrentThread'; 'GlobalUnlock'),0,0,0
('RegQueryValueExW'; 'RegCloseKey'),0,0,0
('GetCurrentThreadId'; 'HeapFree'),0,0,0
('GetFileAttributesW'; 'GetEnvironmentVariableW'),0,0,0
('GetFileAttributesW'; 'CreateProcessW'),0,0,0
('RegOpenKeyExA'; 'RegQueryValueExW'),0,0,0
('GetModuleFileNameW'; 'HeapFree'),0,0,0
('GlobalLock'; 'GetCurrentThread'),0,0,0
('HeapFree'; 'RegCloseKey'),0,0,0
('GlobalSize'; 'RegOpenKeyExA'),0,0,0
('LoadLibraryExW'; 'GlobalFree'),0,0,0
('IsBadStringPtrW'; 'RegEnumKeyW'),0,0,0
('GlobalUnlock'; 'GetCurrentProcessId'),0,0,0
('RegCreateKeyExW'; 'LoadLibraryA'),0,0,0
('GlobalUnlock'; 'IsBadReadPtr'),0,0,0
('GlobalLock'; 'SetThreadPriority'),0,0,0
('LocalFree'; 'RegEnumKeyW'),0,0,0
('GetCurrentThreadId'; 'GlobalLock'),0,0,0
('GlobalReAlloc'; 'RegEnumKeyW'),0,0,0
('GetProcAddress'; 'GetCurrentThread'),0,0,0
('GetCurrentThread'; 'GlobalFree'),0,0,0
('GlobalSize'; 'GetLongPathNameW'),0,0,0
('GlobalFree'; 'IsBadStringPtrW'),0,0,0
('SetThreadPriority'; 'IsBadWritePtr'),0,0,0
('IsBadWritePtr'; 'IsBadReadPtr'),0,0,0
('LoadLibraryExW'; 'RegOpenKeyExA'),0,0,0
('GlobalUnlock'; 'IsBadWritePtr'),0,0,0
('GetCurrentThread'; 'RegOpenKeyExA'),0,0,0
('RegCreateKeyExW'; 'LocalAlloc'),0,0,0
('RegSetValueExW'; 'CreateProcessW'),0,0,0
('IsBadWritePtr'; 'IsBadWritePtr'),0,0,0
('LocalAlloc'; 'RegEnumValueW'),0,0,0
('GlobalAlloc'; 'RegOpenKeyExW'),0,0,0
('GlobalFree'; 'RegCloseKey'),0,0,0
('GetCurrentThread'; 'GetLongPathNameW'),0,0,0
('SetThreadPriority'; 'GetCurrentThread'),0,0,0
('RegQueryValueW'; 'GetCurrentProcessId'),0,0,0
('RegOpenKeyExA'; 'RegQueryValueW'),0,0,0
('RegOpenKeyExA'; 'GlobalAlloc'),0,0,0
('CreateProcessW'; 'GetCurrentProcessId'),0,0,0
('GetLongPathNameW'; 'HeapAlloc'),0,0,0
('RegEnumValueW'; 'RegQueryValueExW'),0,0,0
('CreateProcessW'; 'IsBadReadPtr'),0,0,0
('GetCurrentProcessId'; 'LoadLibraryExW'),0,0,0
('GlobalUnlock'; 'GetCurrentThreadId'),0,0,0
('LoadLibraryExW'; 'RegCreateKeyExW'),0,0,0
('RegEnumKeyW'; 'GetProcAddress'),0,0,0
('GetCurrentProcessId'; 'RegSetValueExW'),0,0,0
('RegSetValueExW'; 'RegOpenKeyExW'),0,0,0
('GetEnvironmentVariableW'; 'LocalFree'),0,0,0
('GetCurrentThreadId'; 'GetModuleFileNameW'),0,0,0
('RegOpenKeyExA'; 'RegSetValueExW'),0,0,0
('HeapAlloc'; 'RegQueryValueExW'),0,0,0
('GetFileAttributesW'; 'LocalFree'),0,0,0
('CreateProcessW'; 'IsBadWritePtr'),0,0,0
('IsBadStringPtrW'; 'GetCurrentProcessId'),0,0,0
('LoadLibraryA'; 'LoadLibraryExW'),0,0,0
('RegOpenKeyExA'; 'GlobalUnlock'),0,0,0
('IsBadWritePtr'; 'GetCurrentThreadId'),0,0,0
('LocalFree'; 'GetCurrentProcessId'),0,0,0
('GlobalReAlloc'; 'GetCurrentProcessId'),0,0,0
('GlobalLock'; 'RegOpenKeyExW'),0,0,0
('LocalFree'; 'IsBadReadPtr'),0,0,0
('GlobalSize'; 'IsBadStringPtrW'),0,0,0
('RegQueryValueW'; 'GetCurrentThread'),0,0,0
('RegCloseKey'; 'SetThreadPriority'),0,0,0
('RegCloseKey'; 'GetFileAttributesW'),0,0,0
('GlobalUnlock'; 'GetEnvironmentVariableW'),0,0,0
('GlobalUnlock'; 'CreateProcessW'),0,0,0
('GetCurrentThreadId'; 'RegCreateKeyExW'),0,0,0
('GetFullPathNameW'; 'IsBadReadPtr'),0,0,0
('GetCurrentThreadId'; 'GlobalSize'),0,0,0
('CreateProcessW'; 'GetCurrentThread'),0,0,0
('IsBadStringPtrW'; 'IsBadWritePtr'),0,0,0
('GetCurrentProcessId'; 'GetFullPathNameW'),0,0,0
('LocalFree'; 'IsBadWritePtr'),0,0,0
('GlobalReAlloc'; 'IsBadWritePtr'),0,0,0
('LoadLibraryExW'; 'IsBadStringPtrW'),0,0,0
('RegOpenKeyExA'; 'GetFullPathNameW'),0,0,0
('IsBadWritePtr'; 'GetEnvironmentVariableW'),0,0,0
('GlobalSize'; 'RegCloseKey'),0,0,0
('GetFullPathNameW'; 'IsBadWritePtr'),0,0,0
('OpenProcess'; 'HeapFree'),0,0,0
('CreateProcessW'; 'GetCurrentThreadId'),0,0,0
('GetCurrentThread'; 'IsBadStringPtrW'),0,0,0
('RegOpenKeyExW'; 'RegEnumValueW'),0,0,0
('LoadLibraryA'; 'HeapAlloc'),0,0,0
('RegCloseKey'; 'LoadLibraryA'),0,0,0
('HeapAlloc'; 'RegQueryValueW'),0,0,0
('RegQueryValueExW'; 'RegEnumValueW'),0,0,0
('RegEnumKeyW'; 'OpenProcess'),0,0,0
('IsBadStringPtrW'; 'GetCurrentThread'),0,0,0
('RegEnumValueW'; 'LoadLibraryExW'),0,0,0
('GlobalReAlloc'; 'GetCurrentThread'),0,0,0
('GetCurrentThreadId'; 'HeapAlloc'),0,0,0
('HeapAlloc'; 'GlobalAlloc'),0,0,0
('IsBadWritePtr'; 'RegEnumValueW'),0,0,0
('RegOpenKeyExA'; 'GetLongPathNameW'),0,0,0
('LoadLibraryExW'; 'RegCloseKey'),0,0,0
('GetModuleFileNameW'; 'HeapAlloc'),0,0,0
('RegEnumValueW'; 'RegSetValueExW'),0,0,0
('RegEnumKeyW'; 'HeapFree'),0,0,0
('RegQueryValueW'; 'CreateProcessW'),0,0,0
('GetProcAddress'; 'LocalFree'),0,0,0
('LocalFree'; 'GetCurrentThreadId'),0,0,0
('GetCurrentThreadId'; 'IsBadStringPtrW'),0,0,0
('RegOpenKeyExW'; 'GetFileAttributesW'),0,0,0
