RegOpenKeyExA, GetCurrentThread
Pattern_Name,Total_Unique_Count,Malicious_Unique_Count,Beneign_Unique_Count
('RegOpenKeyExW';),54,36,18
('LoadLibraryA';),53,36,17
('GetProcAddress';),51,37,14
('RegOpenKeyExA';),55,37,18
('LocalAlloc';),53,35,18
('HeapAlloc';),55,37,18
('HeapFree';),55,37,18
('IsBadReadPtr';),46,28,18
('IsBadWritePtr';),46,28,18
('LocalFree';),54,36,18
('RegQueryValueExW';),51,33,18
('RegCloseKey';),55,37,18
('GetCurrentThread';),55,37,18
('GlobalAlloc';),32,15,17
('GlobalLock';),27,10,17
('GetCurrentThreadId';),55,37,18
('RegQueryValueW';),28,10,18
('GlobalUnlock';),27,10,17
('RegEnumKeyW';),29,11,18
('IsBadStringPtrW';),46,28,18
('GetCurrentProcessId';),49,31,18
('GlobalReAlloc';),23,6,17
('GlobalSize';),20,3,17
('GlobalFree';),29,12,17
('RegEnumValueW';),46,28,18
('GetEnvironmentVariableW';),40,22,18
('RegCreateKeyExW';),37,19,18
('LoadLibraryExW';),46,30,16
('RegSetValueExW';),35,17,18
('CreateProcessW';),25,7,18
('SetThreadPriority';),23,5,18
('OpenProcess';),23,5,18
('GetModuleFileNameW';),46,33,13
('ReadFile';),21,21,0
('LoadLibraryW';),47,37,10
('GetFileAttributesW';),25,25,0
('GetFullPathNameW';),26,26,0
('GetLongPathNameW';),9,9,0
('GetFileAttributesW'; 'GetCurrentThreadId'),0,0,0
('RegCloseKey'; 'LocalAlloc'),4,4,0
('HeapAlloc'; 'RegSetValueExW'),35,17,18
('RegEnumKeyW'; 'GlobalLock'),4,3,1
('GetFullPathNameW'; 'GetCurrentThreadId'),0,0,0
('HeapAlloc'; 'GlobalUnlock'),27,10,17
('HeapFree'; 'SetThreadPriority'),22,4,18
('HeapFree'; 'GetFileAttributesW'),25,25,0
('GetEnvironmentVariableW'; 'GetProcAddress'),9,1,8
('RegCreateKeyExW'; 'HeapFree'),0,0,0
('RegEnumValueW'; 'GetFullPathNameW'),18,18,0
('IsBadStringPtrW'; 'CreateProcessW'),24,6,18
('SetThreadPriority'; 'LocalFree'),1,1,0
('RegQueryValueW'; 'RegOpenKeyExW'),0,0,0
('LocalFree'; 'GetEnvironmentVariableW'),40,22,18
('GetFileAttributesW'; 'RegQueryValueExW'),2,2,0
('GlobalReAlloc'; 'CreateProcessW'),20,3,17
('GlobalUnlock'; 'LocalFree'),0,0,0
('RegOpenKeyExW'; 'LoadLibraryA'),47,30,17
('LocalFree'; 'CreateProcessW'),25,7,18
('RegEnumKeyW'; 'GlobalFree'),21,4,17
('GlobalAlloc'; 'RegQueryValueExW'),1,1,0
('HeapAlloc'; 'GetFullPathNameW'),26,26,0
('LocalAlloc'; 'GetProcAddress'),17,3,14
('HeapFree'; 'LoadLibraryA'),51,34,17
('IsBadWritePtr'; 'LocalFree'),19,16,3
('LocalFree'; 'RegEnumValueW'),37,19,18
('IsBadReadPtr'; 'LoadLibraryExW'),19,3,16
('GetLongPathNameW'; 'GetCurrentProcessId'),0,0,0
('HeapAlloc'; 'RegOpenKeyExA'),54,36,18
('GlobalFree'; 'SetThreadPriority'),20,3,17
('GlobalFree'; 'GetFileAttributesW'),2,2,0
('RegOpenKeyExW'; 'LocalAlloc'),19,19,0
('IsBadStringPtrW'; 'RegOpenKeyExW'),2,1,1
('HeapAlloc'; 'GetLongPathNameW'),9,9,0
('RegQueryValueExW'; 'LocalAlloc'),1,1,0
('GlobalReAlloc'; 'RegOpenKeyExW'),0,0,0
('RegSetValueExW'; 'RegQueryValueExW'),0,0,0
('HeapFree'; 'LocalAlloc'),32,32,0
('GetEnvironmentVariableW'; 'OpenProcess'),23,5,18
('GetLongPathNameW'; 'IsBadWritePtr'),1,1,0
('CreateProcessW'; 'LocalFree'),0,0,0
('RegOpenKeyExA'; 'RegCloseKey'),49,32,17
('GlobalFree'; 'LoadLibraryA'),3,2,1
('GetProcAddress'; 'RegQueryValueExW'),31,31,0
('IsBadReadPtr'; 'GetFullPathNameW'),23,23,0
('RegEnumKeyW'; 'RegCreateKeyExW'),25,7,18
('GlobalSize'; 'RegEnumValueW'),19,2,17
('RegEnumKeyW'; 'GlobalSize'),20,3,17
('GetLongPathNameW'; 'GetCurrentThread'),0,0,0
('GetCurrentProcessId'; 'GetCurrentProcessId'),0,0,0
('GetCurrentProcessId'; 'IsBadReadPtr'),13,12,1
('LocalAlloc'; 'OpenProcess'),23,5,18
('IsBadStringPtrW'; 'LocalFree'),12,12,0
('OpenProcess'; 'HeapAlloc'),0,0,0
('GlobalAlloc'; 'LoadLibraryExW'),17,3,14
('GetFileAttributesW'; 'RegSetValueExW'),13,13,0
('RegOpenKeyExA'; 'IsBadReadPtr'),31,25,6
('LocalFree'; 'LocalFree'),0,0,0
('GlobalReAlloc'; 'LocalFree'),0,0,0
('GetEnvironmentVariableW'; 'GlobalUnlock'),2,2,0
('GetFileAttributesW'; 'GlobalUnlock'),3,3,0
('RegCloseKey'; 'GlobalReAlloc'),23,6,17
('GlobalAlloc'; 'RegSetValueExW'),20,4,16
('GlobalFree'; 'LocalAlloc'),0,0,0
('LoadLibraryA'; 'GetCurrentProcessId'),26,15,11
('LocalAlloc'; 'HeapFree'),21,3,18
('GlobalUnlock'; 'GetProcAddress'),9,0,9
('GetCurrentProcessId'; 'IsBadWritePtr'),16,12,4
('GetFullPathNameW'; 'LocalFree'),0,0,0
('SetThreadPriority'; 'RegQueryValueExW'),1,1,0
('GlobalSize'; 'GetFileAttributesW'),2,2,0
('GetCurrentThread'; 'RegEnumValueW'),31,13,18
('GlobalUnlock'; 'RegQueryValueExW'),0,0,0
('GetEnvironmentVariableW'; 'GlobalFree'),7,7,0
('LocalAlloc'; 'GlobalLock'),27,10,17
('IsBadWritePtr'; 'GetProcAddress'),13,2,11
('RegCloseKey'; 'HeapFree'),3,2,1
('GetFileAttributesW'; 'GetFullPathNameW'),9,9,0
('RegEnumKeyW'; 'IsBadStringPtrW'),18,1,17
('RegCloseKey'; 'LoadLibraryW'),15,5,10
('RegSetValueExW'; 'RegSetValueExW'),0,0,0
('GlobalLock'; 'LoadLibraryExW'),16,2,14
('GlobalAlloc'; 'GetFullPathNameW'),6,6,0
('GetEnvironmentVariableW'; 'RegOpenKeyExA'),0,0,0
('RegSetValueExW'; 'GlobalUnlock'),6,5,1
('GetFileAttributesW'; 'RegOpenKeyExA'),0,0,0
('GetCurrentThread'; 'GetFileAttributesW'),25,25,0
('RegCloseKey'; 'GlobalLock'),27,10,17
('GlobalSize'; 'LoadLibraryA'),3,2,1
('GetCurrentProcessId'; 'GetCurrentThreadId'),1,1,0
('LocalAlloc'; 'GlobalFree'),29,12,17
('GetEnvironmentVariableW'; 'GetLongPathNameW'),9,9,0
('IsBadReadPtr'; 'RegEnumKeyW'),23,11,12
('RegCreateKeyExW'; 'HeapAlloc'),0,0,0
('GetFileAttributesW'; 'GetLongPathNameW'),9,9,0
('RegOpenKeyExA'; 'GetCurrentThreadId'),19,2,17
('HeapAlloc'; 'RegCloseKey'),55,37,18
('RegEnumValueW'; 'GetCurrentProcessId'),12,11,1
('LoadLibraryA'; 'GetCurrentThread'),31,31,0
('RegEnumValueW'; 'IsBadReadPtr'),12,12,0
('RegOpenKeyExW'; 'GlobalReAlloc'),23,6,17
('GetProcAddress'; 'RegSetValueExW'),21,15,6
('RegQueryValueW'; 'RegQueryValueExW'),3,2,1
('RegQueryValueExW'; 'GlobalReAlloc'),23,6,17
('LoadLibraryExW'; 'LoadLibraryA'),6,5,1
('GlobalUnlock'; 'RegQueryValueW'),5,1,4
('GlobalUnlock'; 'OpenProcess'),18,1,17
('GetCurrentThreadId'; 'SetThreadPriority'),23,5,18
('RegSetValueExW'; 'GetFullPathNameW'),8,8,0
('CreateProcessW'; 'RegQueryValueExW'),0,0,0
('HeapFree'; 'GlobalReAlloc'),23,6,17
('GlobalSize'; 'LocalAlloc'),0,0,0
('GlobalUnlock'; 'GlobalAlloc'),0,0,0
('RegEnumValueW'; 'IsBadWritePtr'),11,10,1
('HeapAlloc'; 'IsBadReadPtr'),40,28,12
('GetCurrentThread'; 'LoadLibraryA'),22,5,17
('RegQueryValueExW'; 'OpenProcess'),22,4,18
('GetCurrentProcessId'; 'GetEnvironmentVariableW'),34,17,17
('GetCurrentProcessId'; 'CreateProcessW'),24,7,17
('RegOpenKeyExW'; 'HeapFree'),2,2,0
('IsBadWritePtr'; 'OpenProcess'),20,2,18
('IsBadWritePtr'; 'RegQueryValueW'),19,10,9
('LocalAlloc'; 'GetModuleFileNameW'),39,26,13
('GlobalLock'; 'GetFullPathNameW'),6,6,0
('RegOpenKeyExA'; 'GetEnvironmentVariableW'),40,22,18
('GetEnvironmentVariableW'; 'RegCreateKeyExW'),29,12,17
('RegOpenKeyExW'; 'LoadLibraryW'),15,5,10
('IsBadWritePtr'; 'GlobalAlloc'),14,9,5
('RegQueryValueExW'; 'HeapFree'),12,0,12
('LocalFree'; 'GetProcAddress'),17,3,14
('SetThreadPriority'; 'RegSetValueExW'),1,0,1
('IsBadStringPtrW'; 'RegQueryValueExW'),2,1,1
('IsBadStringPtrW'; 'GlobalAlloc'),7,7,0
('RegSetValueExW'; 'GetLongPathNameW'),6,6,0
('LoadLibraryExW'; 'LocalAlloc'),1,1,0
('GlobalReAlloc'; 'RegQueryValueExW'),0,0,0
('GlobalUnlock'; 'RegSetValueExW'),19,3,16
('RegOpenKeyExW'; 'GlobalLock'),27,10,17
('HeapFree'; 'HeapFree'),0,0,0
('GetCurrentProcessId'; 'RegEnumValueW'),34,17,17
('GlobalUnlock'; 'GlobalUnlock'),0,0,0
('GetCurrentThread'; 'LocalAlloc'),1,1,0
('RegQueryValueExW'; 'GlobalLock'),27,10,17
('RegOpenKeyExA'; 'RegEnumValueW'),45,27,18
('GlobalAlloc'; 'RegEnumKeyW'),23,6,17
('GetProcAddress'; 'RegOpenKeyExA'),34,34,0
('RegCloseKey'; 'GetModuleFileNameW'),29,16,13
('LocalAlloc'; 'RegCreateKeyExW'),37,19,18
('LocalAlloc'; 'GlobalSize'),20,3,17
('HeapFree'; 'GlobalLock'),27,10,17
('RegEnumValueW'; 'GetCurrentThreadId'),0,0,0
('GetLongPathNameW'; 'LocalFree'),0,0,0
('IsBadWritePtr'; 'GlobalUnlock'),12,7,5
('CreateProcessW'; 'OpenProcess'),19,1,18
('RegCloseKey'; 'LoadLibraryExW'),42,26,16
('IsBadReadPtr'; 'GetCurrentProcessId'),33,16,17
('GlobalUnlock'; 'GlobalFree'),24,7,17
('GetEnvironmentVariableW'; 'IsBadStringPtrW'),4,3,1
('IsBadReadPtr'; 'IsBadReadPtr'),0,0,0
('HeapAlloc'; 'GetCurrentThreadId'),54,36,18
('LoadLibraryA'; 'RegOpenKeyExW'),5,5,0
('GlobalFree'; 'HeapFree'),0,0,0
('RegQueryValueW'; 'RegSetValueExW'),25,7,18
('SetThreadPriority'; 'RegOpenKeyExA'),1,1,0
('IsBadWritePtr'; 'GlobalFree'),24,10,14
('RegQueryValueW'; 'GlobalUnlock'),18,5,13
('LocalFree'; 'RegQueryValueW'),28,10,18
('LocalFree'; 'OpenProcess'),23,5,18
('GlobalReAlloc'; 'RegQueryValueW'),1,1,0
('GlobalUnlock'; 'RegOpenKeyExA'),0,0,0
('RegEnumValueW'; 'GetEnvironmentVariableW'),24,6,18
('CreateProcessW'; 'RegSetValueExW'),6,0,6
('GetCurrentThreadId'; 'RegOpenKeyExW'),36,35,1
('GetEnvironmentVariableW'; 'RegCloseKey'),0,0,0
('IsBadReadPtr'; 'IsBadWritePtr'),40,22,18
('LocalFree'; 'GlobalAlloc'),31,14,17
('GlobalReAlloc'; 'GlobalAlloc'),0,0,0
('GetModuleFileNameW'; 'RegOpenKeyExW'),3,3,0
('LocalAlloc'; 'IsBadStringPtrW'),45,27,18
('GlobalLock'; 'RegEnumKeyW'),20,4,16
('GetFileAttributesW'; 'RegCloseKey'),0,0,0
('GlobalUnlock'; 'GetLongPathNameW'),3,3,0
('CreateProcessW'; 'GlobalUnlock'),0,0,0
('OpenProcess'; 'IsBadWritePtr'),1,1,0
('IsBadWritePtr'; 'RegOpenKeyExA'),11,6,5
('GetCurrentProcessId'; 'LocalFree'),15,15,0
('RegOpenKeyExW'; 'GetModuleFileNameW'),43,30,13
('RegCloseKey'; 'HeapAlloc'),0,0,0
('HeapAlloc'; 'GetEnvironmentVariableW'),40,22,18
('RegQueryValueExW'; 'GetModuleFileNameW'),24,11,13
('IsBadWritePtr'; 'GetLongPathNameW'),6,6,0
('IsBadReadPtr'; 'GetCurrentThread'),36,24,12
('IsBadStringPtrW'; 'RegSetValueExW'),31,14,17
('RegQueryValueW'; 'GetFullPathNameW'),6,6,0
('GlobalReAlloc'; 'RegSetValueExW'),18,3,15
('IsBadStringPtrW'; 'GlobalUnlock'),5,5,0
('HeapFree'; 'GetModuleFileNameW'),46,33,13
('CreateProcessW'; 'GlobalFree'),0,0,0
('GetFileAttributesW'; 'IsBadReadPtr'),2,2,0
('LocalFree'; 'GlobalUnlock'),27,10,17
('GlobalReAlloc'; 'GlobalUnlock'),3,2,1
('GlobalAlloc'; 'GetCurrentProcessId'),23,6,17
('OpenProcess'; 'GetCurrentThread'),0,0,0
('HeapAlloc'; 'RegEnumValueW'),46,28,18
('GlobalAlloc'; 'IsBadReadPtr'),11,5,6
('IsBadReadPtr'; 'GetCurrentThreadId'),14,2,12
('RegOpenKeyExW'; 'RegCreateKeyExW'),37,19,18
('RegOpenKeyExW'; 'GlobalSize'),20,3,17
('HeapFree'; 'LoadLibraryExW'),46,30,16
('RegQueryValueExW'; 'RegCreateKeyExW'),37,19,18
('RegQueryValueExW'; 'GlobalSize'),20,3,17
('CreateProcessW'; 'RegOpenKeyExA'),0,0,0
('RegQueryValueW'; 'GetLongPathNameW'),6,6,0
('IsBadWritePtr'; 'RegCreateKeyExW'),35,17,18
('GlobalAlloc'; 'IsBadWritePtr'),16,4,12
('LocalFree'; 'GlobalFree'),29,12,17
('IsBadStringPtrW'; 'GetFullPathNameW'),22,22,0
('CreateProcessW'; 'GetLongPathNameW'),2,2,0
('GlobalSize'; 'HeapFree'),0,0,0
('GlobalReAlloc'; 'GetFullPathNameW'),6,6,0
('GetCurrentThread'; 'GlobalReAlloc'),19,2,17
('RegEnumKeyW'; 'SetThreadPriority'),20,2,18
('GetLongPathNameW'; 'RegQueryValueExW'),2,2,0
('RegSetValueExW'; 'IsBadReadPtr'),0,0,0
('GetFullPathNameW'; 'GlobalFree'),5,5,0
('GetProcAddress'; 'RegCloseKey'),34,34,0
('IsBadReadPtr'; 'CreateProcessW'),25,7,18
('IsBadReadPtr'; 'GetEnvironmentVariableW'),32,14,18
('RegEnumKeyW'; 'GetFileAttributesW'),2,2,0
('RegOpenKeyExW'; 'HeapAlloc'),0,0,0
('LocalFree'; 'RegOpenKeyExA'),22,4,18
('GlobalLock'; 'GetCurrentProcessId'),22,5,17
('GlobalSize'; 'GlobalLock'),0,0,0
('GlobalLock'; 'IsBadReadPtr'),10,4,6
('IsBadStringPtrW'; 'GetLongPathNameW'),5,5,0
('LoadLibraryExW'; 'HeapFree'),0,0,0
('RegEnumValueW'; 'LocalFree'),9,9,0
('RegOpenKeyExW'; 'IsBadStringPtrW'),44,27,17
('GlobalFree'; 'LoadLibraryExW'),13,0,13
('HeapFree'; 'HeapAlloc'),0,0,0
('RegSetValueExW'; 'IsBadWritePtr'),1,0,1
('GlobalReAlloc'; 'GetLongPathNameW'),3,3,0
('GetFullPathNameW'; 'RegOpenKeyExA'),1,1,0
('LocalFree'; 'GetLongPathNameW'),9,9,0
('RegCreateKeyExW'; 'GetCurrentThread'),0,0,0
('GetCurrentThread'; 'HeapFree'),0,0,0
('RegCloseKey'; 'RegEnumKeyW'),29,11,18
('GetProcAddress'; 'IsBadReadPtr'),26,26,0
('RegQueryValueExW'; 'IsBadStringPtrW'),44,27,17
('GlobalAlloc'; 'GetCurrentThreadId'),16,0,16
('RegEnumKeyW'; 'LoadLibraryA'),3,2,1
('IsBadWritePtr'; 'IsBadStringPtrW'),27,9,18
('RegCreateKeyExW'; 'SetThreadPriority'),14,3,11
('GlobalLock'; 'IsBadWritePtr'),15,3,12
('GetFullPathNameW'; 'GetLongPathNameW'),6,6,0
('SetThreadPriority'; 'RegCloseKey'),1,1,0
('GetCurrentProcessId'; 'GetProcAddress'),9,0,9
('GetCurrentThread'; 'GlobalLock'),23,6,17
('GlobalUnlock'; 'RegCloseKey'),0,0,0
('RegOpenKeyExA'; 'GetProcAddress'),17,3,14
('OpenProcess'; 'RegOpenKeyExW'),0,0,0
('IsBadWritePtr'; 'RegCloseKey'),11,6,5
('SetThreadPriority'; 'IsBadReadPtr'),1,1,0
('RegSetValueExW'; 'GetCurrentThreadId'),0,0,0
('RegEnumKeyW'; 'LocalAlloc'),0,0,0
('GlobalAlloc'; 'GetEnvironmentVariableW'),27,10,17
('GlobalFree'; 'HeapAlloc'),0,0,0
('GlobalAlloc'; 'CreateProcessW'),20,3,17
('LoadLibraryA'; 'RegQueryValueExW'),14,14,0
('GetFileAttributesW'; 'RegEnumValueW'),11,11,0
('GlobalLock'; 'GetCurrentThreadId'),16,0,16
('GetModuleFileNameW'; 'RegQueryValueExW'),21,21,0
('GetLongPathNameW'; 'RegSetValueExW'),0,0,0
('GlobalAlloc'; 'RegEnumValueW'),23,6,17
('GetProcAddress'; 'GetCurrentThreadId'),34,30,4
('IsBadReadPtr'; 'LocalFree'),23,14,9
('GetLongPathNameW'; 'GlobalUnlock'),0,0,0
('HeapFree'; 'RegEnumKeyW'),29,11,18
('RegSetValueExW'; 'GetEnvironmentVariableW'),7,5,2
('CreateProcessW'; 'RegCloseKey'),0,0,0
('RegCloseKey'; 'GetCurrentProcessId'),46,28,18
('LocalFree'; 'IsBadStringPtrW'),34,16,18
('LoadLibraryExW'; 'GetModuleFileNameW'),18,7,11
('GetCurrentProcessId'; 'OpenProcess'),20,3,17
('GetEnvironmentVariableW'; 'GetFileAttributesW'),9,9,0
('OpenProcess'; 'LocalFree'),0,0,0
('GlobalSize'; 'RegCreateKeyExW'),19,2,17
('RegOpenKeyExA'; 'OpenProcess'),23,5,18
('GlobalSize'; 'GlobalSize'),0,0,0
('RegEnumValueW'; 'GetProcAddress'),8,0,8
('GlobalLock'; 'GetEnvironmentVariableW'),23,6,17
('GlobalLock'; 'CreateProcessW'),20,3,17
('RegQueryValueW'; 'IsBadReadPtr'),4,0,4
('RegCreateKeyExW'; 'RegOpenKeyExW'),0,0,0
('GetFullPathNameW'; 'IsBadStringPtrW'),2,2,0
('GetLongPathNameW'; 'GlobalFree'),0,0,0
('LoadLibraryExW'; 'LoadLibraryExW'),0,0,0
('RegSetValueExW'; 'RegEnumValueW'),10,8,2
('RegOpenKeyExA'; 'HeapFree'),15,3,12
('RegCloseKey'; 'IsBadWritePtr'),35,22,13
('SetThreadPriority'; 'GetCurrentThreadId'),0,0,0
('LocalFree'; 'RegCloseKey'),32,14,18
('GlobalReAlloc'; 'RegCloseKey'),0,0,0
('HeapAlloc'; 'GetProcAddress'),49,35,14
('RegQueryValueW'; 'IsBadWritePtr'),9,0,9
('LocalAlloc'; 'SetThreadPriority'),21,3,18
('LocalAlloc'; 'GetFileAttributesW'),25,25,0
('GetEnvironmentVariableW'; 'LoadLibraryA'),6,5,1
('GetLongPathNameW'; 'RegOpenKeyExA'),0,0,0
('GetCurrentProcessId'; 'GlobalUnlock'),10,5,5
('GetCurrentThread'; 'RegCreateKeyExW'),37,19,18
('GlobalSize'; 'HeapAlloc'),0,0,0
('GetFullPathNameW'; 'RegCloseKey'),0,0,0
('GlobalFree'; 'RegEnumKeyW'),0,0,0
('GetCurrentThread'; 'GlobalSize'),20,3,17
('RegOpenKeyExA'; 'GlobalLock'),27,10,17
('IsBadStringPtrW'; 'IsBadReadPtr'),25,25,0
('RegCloseKey'; 'GetCurrentThread'),55,37,18
('GlobalReAlloc'; 'IsBadReadPtr'),4,4,0
('GlobalAlloc'; 'LocalFree'),1,1,0
('GetCurrentThreadId'; 'LoadLibraryExW'),46,30,16
('LoadLibraryA'; 'RegSetValueExW'),31,15,16
('LoadLibraryExW'; 'HeapAlloc'),0,0,0
('GetCurrentProcessId'; 'GlobalFree'),21,10,11
('LocalAlloc'; 'LoadLibraryA'),47,30,17
('GetEnvironmentVariableW'; 'LocalAlloc'),0,0,0
('RegOpenKeyExA'; 'GlobalFree'),29,12,17
('GetCurrentThread'; 'HeapAlloc'),0,0,0
('RegEnumValueW'; 'OpenProcess'),19,1,18
('HeapFree'; 'GetCurrentProcessId'),49,31,18
('RegQueryValueW'; 'GetCurrentThreadId'),0,0,0
('RegEnumKeyW'; 'GlobalReAlloc'),19,2,17
('GetCurrentProcessId'; 'RegOpenKeyExA'),3,3,0
('IsBadReadPtr'; 'GetProcAddress'),16,2,14
('RegSetValueExW'; 'LocalFree'),0,0,0
('GlobalUnlock'; 'RegEnumValueW'),21,4,17
('RegOpenKeyExA'; 'RegOpenKeyExA'),0,0,0
('HeapAlloc'; 'OpenProcess'),23,5,18
('GetCurrentProcessId'; 'GetLongPathNameW'),7,7,0
('IsBadReadPtr'; 'RegQueryValueExW'),14,2,12
('GlobalLock'; 'LocalFree'),0,0,0
('LocalAlloc'; 'LocalAlloc'),0,0,0
('GetCurrentThreadId'; 'GetFullPathNameW'),26,26,0
('RegCloseKey'; 'CreateProcessW'),25,7,18
('IsBadStringPtrW'; 'GetCurrentThreadId'),2,1,1
('HeapAlloc'; 'HeapFree'),55,37,18
('RegQueryValueW'; 'GetEnvironmentVariableW'),21,3,18
('RegEnumValueW'; 'GlobalUnlock'),5,5,0
('OpenProcess'; 'RegQueryValueExW'),1,1,0
('GlobalReAlloc'; 'GetCurrentThreadId'),0,0,0
('LocalAlloc'; 'RegOpenKeyExW'),34,16,18
('RegOpenKeyExW'; 'SetThreadPriority'),21,3,18
('GlobalUnlock'; 'GetFileAttributesW'),3,3,0
('GlobalFree'; 'GetCurrentProcessId'),8,2,6
('HeapFree'; 'GetCurrentThread'),55,37,18
('RegQueryValueExW'; 'GetFileAttributesW'),23,23,0
('RegQueryValueExW'; 'SetThreadPriority'),21,3,18
('HeapAlloc'; 'GlobalLock'),27,10,17
('RegQueryValueW'; 'RegEnumValueW'),22,4,18
('IsBadWritePtr'; 'GetFileAttributesW'),19,19,0
('LoadLibraryW'; 'RegOpenKeyExW'),31,31,0
('RegEnumValueW'; 'GlobalFree'),8,8,0
('RegOpenKeyExA'; 'RegCreateKeyExW'),37,19,18
('RegOpenKeyExA'; 'GlobalSize'),20,3,17
('RegCloseKey'; 'RegOpenKeyExW'),20,2,18
('GlobalFree'; 'IsBadWritePtr'),3,0,3
('IsBadStringPtrW'; 'GetEnvironmentVariableW'),30,13,17
('GlobalAlloc'; 'GetProcAddress'),13,3,10
('GlobalReAlloc'; 'GetEnvironmentVariableW'),23,6,17
('GlobalUnlock'; 'LoadLibraryA'),7,6,1
('IsBadReadPtr'; 'OpenProcess'),20,2,18
('IsBadReadPtr'; 'RegQueryValueW'),24,10,14
('HeapAlloc'; 'GlobalFree'),29,12,17
('RegQueryValueExW'; 'LoadLibraryA'),36,19,17
('GetLongPathNameW'; 'RegCloseKey'),0,0,0
('IsBadReadPtr'; 'GlobalAlloc'),19,8,11
('RegEnumValueW'; 'RegOpenKeyExA'),1,1,0
('IsBadStringPtrW'; 'RegEnumValueW'),30,13,17
('IsBadWritePtr'; 'LoadLibraryA'),15,9,6
('RegEnumValueW'; 'GetLongPathNameW'),6,6,0
('GlobalFree'; 'GetCurrentThread'),0,0,0
('GlobalReAlloc'; 'RegEnumValueW'),21,4,17
('RegCreateKeyExW'; 'RegQueryValueExW'),0,0,0
('GetCurrentThreadId'; 'RegEnumKeyW'),28,11,17
('HeapFree'; 'CreateProcessW'),25,7,18
('GetCurrentProcessId'; 'IsBadStringPtrW'),19,13,6
('GetLongPathNameW'; 'IsBadReadPtr'),1,1,0
('GlobalUnlock'; 'LocalAlloc'),0,0,0
('IsBadReadPtr'; 'RegSetValueExW'),33,15,18
('RegSetValueExW'; 'GetProcAddress'),10,2,8
('RegOpenKeyExA'; 'IsBadStringPtrW'),43,26,17
('IsBadReadPtr'; 'GlobalUnlock'),17,6,11
('GlobalLock'; 'GetProcAddress'),9,0,9
('HeapAlloc'; 'GetModuleFileNameW'),46,33,13
('OpenProcess'; 'RegSetValueExW'),1,0,1
('RegQueryValueW'; 'LocalFree'),0,0,0
('RegOpenKeyExW'; 'RegOpenKeyExW'),0,0,0
('IsBadWritePtr'; 'LocalAlloc'),4,4,0
('LocalFree'; 'GetFileAttributesW'),25,25,0
('GetCurrentProcessId'; 'RegCloseKey'),3,3,0
('GlobalLock'; 'RegQueryValueExW'),0,0,0
('GetProcAddress'; 'GetProcAddress'),0,0,0
('CreateProcessW'; 'LoadLibraryA'),1,1,0
('RegQueryValueExW'; 'RegOpenKeyExW'),17,0,17
('GlobalAlloc'; 'RegQueryValueW'),17,1,16
('GlobalAlloc'; 'OpenProcess'),18,1,17
('RegEnumKeyW'; 'LoadLibraryExW'),15,0,15
('GetEnvironmentVariableW'; 'HeapFree'),0,0,0
('HeapFree'; 'RegOpenKeyExW'),52,34,18
('IsBadReadPtr'; 'GlobalFree'),26,10,16
('GetFileAttributesW'; 'HeapFree'),0,0,0
('GetFullPathNameW'; 'GetFileAttributesW'),11,11,0
('LoadLibraryExW'; 'GetCurrentProcessId'),20,18,2
('GlobalAlloc'; 'GlobalAlloc'),0,0,0
('LocalAlloc'; 'GlobalReAlloc'),23,6,17
('GlobalFree'; 'CreateProcessW'),19,2,17
('HeapAlloc'; 'RegCreateKeyExW'),37,19,18
('HeapAlloc'; 'GlobalSize'),20,3,17
('LocalFree'; 'LoadLibraryA'),37,20,17
('IsBadReadPtr'; 'RegOpenKeyExA'),15,3,12
('CreateProcessW'; 'LocalAlloc'),0,0,0
('LoadLibraryExW'; 'IsBadWritePtr'),20,19,1
('GetLongPathNameW'; 'GetCurrentThreadId'),0,0,0
('IsBadReadPtr'; 'GetLongPathNameW'),6,6,0
('RegSetValueExW'; 'OpenProcess'),18,1,17
('RegSetValueExW'; 'RegQueryValueW'),2,2,0
('GlobalSize'; 'GetCurrentThread'),0,0,0
('GetFullPathNameW'; 'LoadLibraryA'),2,2,0
('GlobalAlloc'; 'GlobalUnlock'),27,10,17
('LoadLibraryA'; 'IsBadReadPtr'),31,25,6
('RegEnumValueW'; 'IsBadStringPtrW'),14,13,1
('RegSetValueExW'; 'GlobalAlloc'),10,9,1
('GetCurrentThreadId'; 'GetCurrentProcessId'),48,30,18
('GlobalSize'; 'SetThreadPriority'),19,2,17
('RegCreateKeyExW'; 'RegSetValueExW'),24,15,9
('RegEnumKeyW'; 'HeapAlloc'),0,0,0
('GlobalLock'; 'OpenProcess'),18,1,17
('GetCurrentThreadId'; 'IsBadReadPtr'),32,26,6
('GlobalFree'; 'RegOpenKeyExW'),0,0,0
('GlobalLock'; 'RegQueryValueW'),17,1,16
('GetModuleFileNameW'; 'IsBadReadPtr'),23,23,0
('GlobalLock'; 'GlobalAlloc'),0,0,0
('LocalFree'; 'LocalAlloc'),1,1,0
('GetFileAttributesW'; 'GlobalFree'),8,8,0
('LoadLibraryExW'; 'GetCurrentThread'),25,24,1
('LoadLibraryA'; 'IsBadWritePtr'),30,19,11
('HeapAlloc'; 'IsBadStringPtrW'),46,28,18
('GlobalAlloc'; 'GlobalFree'),29,12,17
('GetCurrentThread'; 'GetCurrentThread'),0,0,0
('GetCurrentThreadId'; 'IsBadWritePtr'),38,26,12
('RegEnumValueW'; 'RegCloseKey'),0,0,0
('GetFullPathNameW'; 'LocalAlloc'),0,0,0
('GetModuleFileNameW'; 'IsBadWritePtr'),20,20,0
('GetCurrentThread'; 'SetThreadPriority'),22,4,18
('GetProcAddress'; 'HeapFree'),2,2,0
('GlobalLock'; 'RegSetValueExW'),19,3,16
('RegQueryValueW'; 'GetProcAddress'),12,2,10
('GlobalLock'; 'GlobalUnlock'),27,10,17
('GlobalAlloc'; 'RegOpenKeyExA'),1,1,0
('RegCloseKey'; 'RegQueryValueExW'),21,20,1
('GetCurrentThreadId'; 'GetCurrentThread'),37,36,1
('GlobalAlloc'; 'GetLongPathNameW'),3,3,0
('GlobalFree'; 'LocalFree'),0,0,0
('RegSetValueExW'; 'GlobalFree'),12,10,2
('LoadLibraryA'; 'GetCurrentThreadId'),6,2,4
('GetEnvironmentVariableW'; 'LoadLibraryExW'),18,4,14
('IsBadWritePtr'; 'GlobalReAlloc'),19,3,16
('LoadLibraryExW'; 'CreateProcessW'),21,7,14
('SetThreadPriority'; 'HeapFree'),1,1,0
('GetCurrentThreadId'; 'GetCurrentThreadId'),0,0,0
('GlobalLock'; 'GlobalFree'),24,7,17
('GetModuleFileNameW'; 'GetCurrentThreadId'),0,0,0
('GlobalUnlock'; 'HeapFree'),0,0,0
('IsBadStringPtrW'; 'GetProcAddress'),10,1,9
('RegSetValueExW'; 'RegOpenKeyExA'),0,0,0
('GlobalReAlloc'; 'GetProcAddress'),8,0,8
('RegEnumKeyW'; 'RegEnumKeyW'),0,0,0
('GetProcAddress'; 'GlobalFree'),18,12,6
('GlobalSize'; 'RegOpenKeyExW'),0,0,0
('GlobalLock'; 'RegOpenKeyExA'),0,0,0
('IsBadWritePtr'; 'HeapFree'),0,0,0
('GlobalUnlock'; 'GlobalLock'),0,0,0
('LocalAlloc'; 'LoadLibraryExW'),45,29,16
('GlobalLock'; 'GetLongPathNameW'),3,3,0
('IsBadReadPtr'; 'RegCloseKey'),14,2,12
('RegOpenKeyExA'; 'ReadFile'),18,18,0
('GetCurrentThreadId'; 'GetEnvironmentVariableW'),39,21,18
('RegQueryValueW'; 'OpenProcess'),19,1,18
('LoadLibraryExW'; 'RegOpenKeyExW'),4,4,0
('GetCurrentThreadId'; 'CreateProcessW'),25,7,18
('RegQueryValueW'; 'RegQueryValueW'),0,0,0
('IsBadWritePtr'; 'GlobalLock'),12,7,5
('GetEnvironmentVariableW'; 'HeapAlloc'),0,0,0
('RegQueryValueW'; 'GlobalAlloc'),7,6,1
('GetCurrentThread'; 'RegOpenKeyExW'),16,0,16
('HeapFree'; 'RegQueryValueExW'),39,33,6
('RegSetValueExW'; 'RegCreateKeyExW'),11,2,9
('GetFileAttributesW'; 'IsBadStringPtrW'),3,3,0
('GetCurrentProcessId'; 'GetFileAttributesW'),23,23,0
('RegCloseKey'; 'RegSetValueExW'),35,17,18
('CreateProcessW'; 'HeapFree'),0,0,0
('LocalFree'; 'GlobalReAlloc'),23,6,17
('RegOpenKeyExA'; 'GetFileAttributesW'),25,25,0
('RegCloseKey'; 'GlobalUnlock'),27,10,17
('RegOpenKeyExA'; 'SetThreadPriority'),22,4,18
('GlobalAlloc'; 'IsBadStringPtrW'),23,6,17
('IsBadStringPtrW'; 'RegQueryValueW'),14,9,5
('IsBadStringPtrW'; 'OpenProcess'),19,1,18
('OpenProcess'; 'IsBadReadPtr'),1,1,0
('LocalAlloc'; 'HeapAlloc'),19,1,18
('GlobalReAlloc'; 'OpenProcess'),18,1,17
('IsBadStringPtrW'; 'HeapFree'),0,0,0
('GetCurrentProcessId'; 'LoadLibraryA'),22,16,6
('LocalFree'; 'HeapFree'),13,0,13
('GlobalReAlloc'; 'HeapFree'),0,0,0
('RegEnumKeyW'; 'GetCurrentProcessId'),15,2,13
('GlobalAlloc'; 'RegCloseKey'),1,1,0
('GlobalFree'; 'RegQueryValueExW'),0,0,0
('RegOpenKeyExA'; 'LoadLibraryA'),46,29,17
('RegCloseKey'; 'GetFullPathNameW'),26,26,0
('RegQueryValueW'; 'GlobalFree'),21,6,15
('RegEnumValueW'; 'RegEnumValueW'),0,0,0
('RegSetValueExW'; 'IsBadStringPtrW'),2,1,1
('IsBadStringPtrW'; 'GlobalLock'),5,5,0
('GetFullPathNameW'; 'HeapFree'),0,0,0
('LocalFree'; 'GlobalLock'),27,10,17
('GlobalReAlloc'; 'GlobalLock'),0,0,0
('IsBadWritePtr'; 'GetModuleFileNameW'),21,8,13
('RegOpenKeyExW'; 'LoadLibraryExW'),42,26,16
('LoadLibraryA'; 'LocalFree'),15,15,0
('SetThreadPriority'; 'RegCreateKeyExW'),8,1,7
('RegQueryValueExW'; 'LoadLibraryExW'),31,15,16
('RegEnumKeyW'; 'IsBadWritePtr'),12,0,12
('GlobalUnlock'; 'RegCreateKeyExW'),23,6,17
('RegQueryValueW'; 'RegOpenKeyExA'),3,2,1
('GlobalUnlock'; 'GlobalSize'),19,2,17
('RegCloseKey'; 'GetLongPathNameW'),9,9,0
('GetCurrentThreadId'; 'LocalFree'),33,33,0
('GetCurrentProcessId'; 'LocalAlloc'),1,1,0
('IsBadWritePtr'; 'LoadLibraryExW'),24,9,15
('GetProcAddress'; 'IsBadStringPtrW'),32,27,5
('GetModuleFileNameW'; 'LocalFree'),22,22,0
('RegCreateKeyExW'; 'IsBadReadPtr'),0,0,0
('RegSetValueExW'; 'RegCloseKey'),0,0,0
('RegOpenKeyExA'; 'LocalAlloc'),13,13,0
('RegEnumValueW'; 'GetFileAttributesW'),11,11,0
('IsBadStringPtrW'; 'GlobalFree'),23,9,14
('HeapFree'; 'RegSetValueExW'),35,17,18
('OpenProcess'; 'GetCurrentThreadId'),0,0,0
('IsBadWritePtr'; 'GlobalSize'),19,3,16
('GlobalReAlloc'; 'GlobalFree'),18,3,15
('HeapFree'; 'GlobalUnlock'),27,10,17
('GlobalLock'; 'RegCloseKey'),0,0,0
('RegEnumKeyW'; 'GetCurrentThread'),1,0,1
('LocalAlloc'; 'RegEnumKeyW'),29,11,18
('RegCreateKeyExW'; 'IsBadWritePtr'),0,0,0
('HeapAlloc'; 'SetThreadPriority'),22,4,18
('HeapAlloc'; 'GetFileAttributesW'),25,25,0
('GlobalUnlock'; 'HeapAlloc'),0,0,0
('IsBadStringPtrW'; 'RegOpenKeyExA'),3,2,1
('RegOpenKeyExW'; 'GetFullPathNameW'),26,26,0
('GlobalReAlloc'; 'RegOpenKeyExA'),0,0,0
('RegQueryValueExW'; 'HeapAlloc'),0,0,0
('SetThreadPriority'; 'IsBadStringPtrW'),2,2,0
('RegEnumValueW'; 'LoadLibraryA'),14,13,1
('RegQueryValueW'; 'RegCreateKeyExW'),23,6,17
('RegQueryValueW'; 'GlobalSize'),19,2,17
('GlobalUnlock'; 'IsBadStringPtrW'),22,5,17
('IsBadWritePtr'; 'HeapAlloc'),0,0,0
('HeapFree'; 'GetFullPathNameW'),26,26,0
('IsBadReadPtr'; 'RegEnumValueW'),32,14,18
('CreateProcessW'; 'RegCreateKeyExW'),7,0,7
('LocalFree'; 'GetModuleFileNameW'),24,11,13
('GlobalFree'; 'RegSetValueExW'),15,0,15
('HeapAlloc'; 'LoadLibraryA'),51,34,17
('GlobalFree'; 'GlobalUnlock'),0,0,0
('RegCreateKeyExW'; 'GetCurrentThreadId'),1,0,1
('LoadLibraryExW'; 'RegQueryValueExW'),15,15,0
('RegEnumKeyW'; 'CreateProcessW'),25,7,18
('GetEnvironmentVariableW'; 'GetCurrentProcessId'),3,2,1
('RegEnumValueW'; 'LocalAlloc'),0,0,0
('HeapFree'; 'GetLongPathNameW'),9,9,0
('IsBadStringPtrW'; 'RegCreateKeyExW'),33,16,17
('IsBadStringPtrW'; 'GlobalSize'),18,2,16
('GetCurrentThread'; 'RegQueryValueExW'),3,3,0
('LocalFree'; 'RegCreateKeyExW'),37,19,18
('GlobalReAlloc'; 'RegCreateKeyExW'),23,6,17
('LocalFree'; 'GlobalSize'),20,3,17
('GlobalReAlloc'; 'GlobalSize'),19,2,17
('GetFullPathNameW'; 'LoadLibraryExW'),2,2,0
('LoadLibraryA'; 'GetProcAddress'),11,2,9
('CreateProcessW'; 'HeapAlloc'),0,0,0
('RegQueryValueW'; 'IsBadStringPtrW'),14,1,13
('HeapAlloc'; 'LocalAlloc'),34,34,0
('GlobalFree'; 'GetFullPathNameW'),2,2,0
('GetCurrentThreadId'; 'GetProcAddress'),17,7,10
('GetLongPathNameW'; 'HeapFree'),0,0,0
('CreateProcessW'; 'IsBadStringPtrW'),1,1,0
('LocalAlloc'; 'GetCurrentProcessId'),48,30,18
('RegOpenKeyExW'; 'RegEnumKeyW'),29,11,18
('GetCurrentThreadId'; 'RegQueryValueExW'),34,33,1
('RegEnumKeyW'; 'RegOpenKeyExW'),0,0,0
('RegQueryValueExW'; 'RegEnumKeyW'),29,11,18
('LocalFree'; 'HeapAlloc'),0,0,0
('RegQueryValueW'; 'RegCloseKey'),1,1,0
('GlobalFree'; 'GetLongPathNameW'),2,2,0
('GetEnvironmentVariableW'; 'GetCurrentThread'),1,1,0
('GlobalSize'; 'LoadLibraryExW'),13,0,13
('IsBadStringPtrW'; 'IsBadStringPtrW'),0,0,0
('RegOpenKeyExA'; 'GlobalReAlloc'),23,6,17
('LocalAlloc'; 'IsBadWritePtr'),42,24,18
('GetFullPathNameW'; 'HeapAlloc'),0,0,0
('GlobalReAlloc'; 'IsBadStringPtrW'),6,5,1
('GetEnvironmentVariableW'; 'SetThreadPriority'),21,3,18
('GlobalSize'; 'RegSetValueExW'),15,0,15
('RegCloseKey'; 'IsBadReadPtr'),32,26,6
('GetFileAttributesW'; 'GetFileAttributesW'),0,0,0
('GetCurrentProcessId'; 'HeapFree'),0,0,0
('GlobalAlloc'; 'GetFileAttributesW'),4,4,0
('IsBadReadPtr'; 'LocalAlloc'),4,3,1
('GetCurrentThread'; 'RegCloseKey'),0,0,0
('IsBadStringPtrW'; 'RegCloseKey'),2,1,1
('LocalAlloc'; 'GetCurrentThread'),52,34,18
('GetCurrentThread'; 'LoadLibraryExW'),21,6,15
('RegOpenKeyExA'; 'LoadLibraryW'),15,5,10
('LoadLibraryExW'; 'RegSetValueExW'),29,15,14
('RegEnumKeyW'; 'LocalFree'),0,0,0
('GetCurrentThreadId'; 'RegQueryValueW'),28,10,18
('GlobalLock'; 'RegEnumValueW'),21,4,17
('GetCurrentThreadId'; 'OpenProcess'),23,5,18
('LoadLibraryExW'; 'GlobalUnlock'),9,8,1
('GetCurrentThread'; 'RegSetValueExW'),32,15,17
('GetCurrentThreadId'; 'GlobalAlloc'),16,15,1
('GetFileAttributesW'; 'LoadLibraryA'),3,3,0
('GlobalSize'; 'GetFullPathNameW'),2,2,0
('GetEnvironmentVariableW'; 'CreateProcessW'),25,7,18
('GlobalAlloc'; 'LoadLibraryA'),24,7,17
('RegSetValueExW'; 'SetThreadPriority'),20,3,17
('RegSetValueExW'; 'GetFileAttributesW'),2,2,0
('RegOpenKeyExW'; 'GetCurrentProcessId'),48,30,18
('RegOpenKeyExW'; 'IsBadReadPtr'),32,26,6
('GetCurrentThreadId'; 'RegSetValueExW'),35,17,18
('GlobalLock'; 'GetFileAttributesW'),3,3,0
('RegCreateKeyExW'; 'LocalFree'),0,0,0
('RegCloseKey'; 'GetCurrentThreadId'),18,1,17
('RegQueryValueExW'; 'GetCurrentProcessId'),43,25,18
('GetCurrentThreadId'; 'GlobalUnlock'),27,10,17
('RegQueryValueExW'; 'IsBadReadPtr'),32,26,6
('GetFileAttributesW'; 'LocalAlloc'),0,0,0
('GetCurrentThread'; 'GetFullPathNameW'),13,13,0
('IsBadWritePtr'; 'GetCurrentProcessId'),30,16,14
('LocalAlloc'; 'GetEnvironmentVariableW'),40,22,18
('LocalAlloc'; 'CreateProcessW'),25,7,18
('HeapFree'; 'IsBadReadPtr'),39,28,11
('GlobalAlloc'; 'LocalAlloc'),1,1,0
('RegOpenKeyExW'; 'IsBadWritePtr'),38,25,13
('RegSetValueExW'; 'LoadLibraryA'),3,2,1
('GetEnvironmentVariableW'; 'RegOpenKeyExW'),0,0,0
('HeapAlloc'; 'GlobalReAlloc'),23,6,17
('LoadLibraryA'; 'GlobalFree'),26,10,16
('GetFileAttributesW'; 'RegOpenKeyExW'),0,0,0
('RegEnumValueW'; 'HeapFree'),0,0,0
('LoadLibraryExW'; 'GetLongPathNameW'),6,6,0
('RegQueryValueExW'; 'IsBadWritePtr'),34,21,13
('GetCurrentThreadId'; 'GlobalFree'),29,12,17
('GlobalLock'; 'LoadLibraryA'),23,6,17
('HeapFree'; 'IsBadWritePtr'),46,28,18
('RegCloseKey'; 'GetEnvironmentVariableW'),40,22,18
('GetCurrentProcessId'; 'GetModuleFileNameW'),19,6,13
('LoadLibraryA'; 'RegOpenKeyExA'),7,7,0
('GlobalUnlock'; 'GetCurrentThread'),4,4,0
('RegOpenKeyExW'; 'GetCurrentThread'),38,36,2
('RegOpenKeyExA'; 'GetModuleFileNameW'),28,15,13
('SetThreadPriority'; 'SetThreadPriority'),0,0,0
('GetProcAddress'; 'LoadLibraryA'),39,34,5
('RegSetValueExW'; 'LocalAlloc'),0,0,0
('GlobalSize'; 'RegEnumKeyW'),0,0,0
('GlobalUnlock'; 'SetThreadPriority'),19,2,17
('GetCurrentThreadId'; 'RegOpenKeyExA'),36,35,1
('RegQueryValueExW'; 'GetCurrentThread'),48,30,18
('GetModuleFileNameW'; 'RegOpenKeyExA'),18,18,0
('RegCloseKey'; 'RegEnumValueW'),46,28,18
('IsBadWritePtr'; 'GetCurrentThread'),30,25,5
('GlobalFree'; 'IsBadReadPtr'),1,0,1
('RegOpenKeyExW'; 'GetCurrentThreadId'),18,1,17
('RegOpenKeyExA'; 'LoadLibraryExW'),45,29,16
('GlobalLock'; 'LocalAlloc'),0,0,0
('GetCurrentThreadId'; 'GetLongPathNameW'),9,9,0
('GetLongPathNameW'; 'IsBadStringPtrW'),2,2,0
('GetCurrentProcessId'; 'RegCreateKeyExW'),36,19,17
('RegQueryValueExW'; 'GetCurrentThreadId'),17,0,17
('IsBadWritePtr'; 'SetThreadPriority'),21,3,18
('RegEnumKeyW'; 'RegQueryValueExW'),0,0,0
('IsBadReadPtr'; 'GlobalReAlloc'),19,2,17
('HeapFree'; 'GetCurrentThreadId'),49,32,17
('GetProcAddress'; 'LocalAlloc'),32,32,0
('SetThreadPriority'; 'LoadLibraryA'),1,1,0
('GetCurrentThread'; 'RegEnumKeyW'),28,11,17
('LoadLibraryA'; 'RegCreateKeyExW'),34,17,17
('GetFullPathNameW'; 'GetCurrentProcessId'),0,0,0
('GetProcAddress'; 'RegOpenKeyExW'),33,33,0
('RegOpenKeyExW'; 'GetEnvironmentVariableW'),40,22,18
('RegOpenKeyExW'; 'CreateProcessW'),25,7,18
('RegQueryValueW'; 'SetThreadPriority'),20,2,18
('RegQueryValueW'; 'GetFileAttributesW'),5,5,0
('LocalAlloc'; 'LocalFree'),52,34,18
('GetCurrentProcessId'; 'HeapAlloc'),0,0,0
('IsBadReadPtr'; 'HeapFree'),7,0,7
('RegQueryValueExW'; 'GetEnvironmentVariableW'),35,17,18
('RegQueryValueExW'; 'CreateProcessW'),25,7,18
('RegOpenKeyExA'; 'HeapAlloc'),1,1,0
('CreateProcessW'; 'SetThreadPriority'),20,2,18
('SetThreadPriority'; 'LocalAlloc'),1,1,0
('IsBadWritePtr'; 'CreateProcessW'),25,7,18
('HeapFree'; 'GetEnvironmentVariableW'),40,22,18
('IsBadReadPtr'; 'GlobalLock'),17,6,11
('GlobalFree'; 'GetCurrentThreadId'),0,0,0
('RegEnumKeyW'; 'RegQueryValueW'),9,4,5
('RegCloseKey'; 'LocalFree'),22,22,0
('SetThreadPriority'; 'RegOpenKeyExW'),1,1,0
('LocalFree'; 'GetCurrentThread'),52,34,18
('RegQueryValueW'; 'LoadLibraryA'),15,2,13
('GlobalSize'; 'GetCurrentProcessId'),6,2,4
('IsBadStringPtrW'; 'SetThreadPriority'),20,2,18
('IsBadStringPtrW'; 'GetFileAttributesW'),18,18,0
('GlobalUnlock'; 'RegOpenKeyExW'),0,0,0
('RegEnumKeyW'; 'GlobalAlloc'),1,1,0
('GlobalSize'; 'IsBadReadPtr'),0,0,0
('LocalFree'; 'SetThreadPriority'),21,3,18
('GlobalReAlloc'; 'SetThreadPriority'),19,2,17
('HeapFree'; 'RegEnumValueW'),46,28,18
('RegEnumValueW'; 'RegCreateKeyExW'),26,9,17
('LoadLibraryA'; 'IsBadStringPtrW'),43,26,17
('GlobalAlloc'; 'GlobalReAlloc'),23,6,17
('GetFullPathNameW'; 'GetCurrentThread'),13,13,0
('GlobalReAlloc'; 'GetFileAttributesW'),3,3,0
('HeapAlloc'; 'LoadLibraryExW'),46,30,16
('GetModuleFileNameW'; 'IsBadStringPtrW'),24,24,0
('IsBadWritePtr'; 'RegOpenKeyExW'),8,3,5
('GlobalSize'; 'IsBadWritePtr'),1,0,1
('GlobalFree'; 'GetEnvironmentVariableW'),19,2,17
('LoadLibraryExW'; 'IsBadReadPtr'),25,25,0
('RegEnumKeyW'; 'RegSetValueExW'),22,5,17
('LoadLibraryA'; 'RegCloseKey'),7,7,0
('RegQueryValueW'; 'LocalAlloc'),0,0,0
('GlobalAlloc'; 'HeapFree'),1,1,0
('RegEnumKeyW'; 'GlobalUnlock'),5,4,1
('GetCurrentThread'; 'GetCurrentProcessId'),22,4,18
('IsBadStringPtrW'; 'LoadLibraryA'),2,2,0
('GetCurrentThread'; 'IsBadReadPtr'),10,4,6
('GlobalReAlloc'; 'LoadLibraryA'),7,6,1
('GetCurrentThreadId'; 'RegCloseKey'),37,36,1
('RegSetValueExW'; 'GlobalReAlloc'),4,2,2
('RegEnumValueW'; 'HeapAlloc'),0,0,0
('GetEnvironmentVariableW'; 'RegQueryValueExW'),3,3,0
('GetModuleFileNameW'; 'RegCloseKey'),17,17,0
('GlobalFree'; 'RegEnumValueW'),19,2,17
('GlobalAlloc'; 'GlobalLock'),27,10,17
('RegOpenKeyExA'; 'RegEnumKeyW'),29,11,18
('GlobalLock'; 'GlobalReAlloc'),23,6,17
('RegOpenKeyExW'; 'LocalFree'),26,26,0
('OpenProcess'; 'RegOpenKeyExA'),0,0,0
('GetCurrentThread'; 'IsBadWritePtr'),16,3,13
('IsBadReadPtr'; 'GetModuleFileNameW'),18,5,13
('CreateProcessW'; 'RegOpenKeyExW'),0,0,0
('RegQueryValueExW'; 'LocalFree'),12,12,0
('HeapAlloc'; 'HeapAlloc'),0,0,0
('RegEnumKeyW'; 'GetFullPathNameW'),8,8,0
('GetFullPathNameW'; 'CreateProcessW'),6,6,0
('IsBadStringPtrW'; 'LocalAlloc'),1,1,0
('GlobalSize'; 'GetCurrentThreadId'),0,0,0
('RegSetValueExW'; 'HeapFree'),0,0,0
('HeapFree'; 'LocalFree'),41,36,5
('GlobalReAlloc'; 'LocalAlloc'),0,0,0
('LocalAlloc'; 'RegQueryValueExW'),50,32,18
('RegEnumKeyW'; 'RegOpenKeyExA'),0,0,0
('GlobalLock'; 'HeapFree'),0,0,0
('RegSetValueExW'; 'GlobalLock'),6,5,1
('IsBadReadPtr'; 'RegCreateKeyExW'),35,17,18
('LoadLibraryW'; 'GetProcAddress'),34,33,1
('IsBadReadPtr'; 'GlobalSize'),20,3,17
('LocalFree'; 'RegOpenKeyExW'),28,10,18
('LoadLibraryExW'; 'GetCurrentThreadId'),0,0,0
('RegEnumKeyW'; 'GetLongPathNameW'),6,6,0
('RegCloseKey'; 'GetProcAddress'),17,3,14
('GetProcAddress'; 'LoadLibraryW'),13,4,9
('GlobalLock'; 'GlobalLock'),0,0,0
('GetCurrentThread'; 'GetCurrentThreadId'),18,1,17
('OpenProcess'; 'RegCreateKeyExW'),8,1,7
('GetFullPathNameW'; 'RegOpenKeyExW'),0,0,0
('GlobalSize'; 'GetEnvironmentVariableW'),19,2,17
('GlobalSize'; 'CreateProcessW'),19,2,17
('RegCreateKeyExW'; 'RegOpenKeyExA'),0,0,0
('IsBadReadPtr'; 'HeapAlloc'),6,0,6
('GetFileAttributesW'; 'LoadLibraryExW'),4,4,0
('LocalAlloc'; 'RegQueryValueW'),28,10,18
('GetEnvironmentVariableW'; 'RegSetValueExW'),25,9,16
('RegOpenKeyExA'; 'GetCurrentProcessId'),46,28,18
('IsBadReadPtr'; 'IsBadStringPtrW'),21,3,18
('GetCurrentThread'; 'GetEnvironmentVariableW'),39,21,18
('RegEnumValueW'; 'CreateProcessW'),25,7,18
('GetCurrentThread'; 'CreateProcessW'),25,7,18
('HeapAlloc'; 'RegEnumKeyW'),29,11,18
('LocalAlloc'; 'GlobalAlloc'),31,14,17
('GlobalAlloc'; 'RegCreateKeyExW'),24,7,17
('OpenProcess'; 'IsBadStringPtrW'),2,2,0
('GlobalAlloc'; 'GlobalSize'),20,3,17
('RegOpenKeyExW'; 'GetProcAddress'),17,3,14
('RegQueryValueW'; 'GlobalReAlloc'),19,2,17
('RegCloseKey'; 'RegQueryValueW'),27,9,18
('RegOpenKeyExA'; 'IsBadWritePtr'),35,22,13
('RegQueryValueExW'; 'GetProcAddress'),16,2,14
('RegCloseKey'; 'OpenProcess'),23,5,18
('RegCreateKeyExW'; 'RegCreateKeyExW'),0,0,0
('RegOpenKeyExW'; 'RegQueryValueExW'),34,33,1
('LocalAlloc'; 'RegSetValueExW'),35,17,18
('RegCloseKey'; 'GlobalAlloc'),31,14,17
('HeapFree'; 'GetProcAddress'),49,35,14
('LocalAlloc'; 'GlobalUnlock'),27,10,17
('RegQueryValueExW'; 'RegQueryValueExW'),0,0,0
('RegSetValueExW'; 'LoadLibraryExW'),2,0,2
('GetEnvironmentVariableW'; 'GetFullPathNameW'),12,12,0
('GetFileAttributesW'; 'HeapAlloc'),0,0,0
('GetLongPathNameW'; 'LoadLibraryA'),2,2,0
('OpenProcess'; 'RegCloseKey'),0,0,0
('GetCurrentProcessId'; 'GetCurrentThread'),27,27,0
('IsBadWritePtr'; 'RegQueryValueExW'),12,7,5
('RegQueryValueW'; 'HeapFree'),0,0,0
('GlobalAlloc'; 'HeapAlloc'),0,0,0
('RegSetValueExW'; 'GlobalSize'),5,3,2
('GetCurrentThreadId'; 'RegEnumValueW'),46,28,18
('GetCurrentProcessId'; 'SetThreadPriority'),20,3,17
('IsBadStringPtrW'; 'GlobalReAlloc'),17,1,16
('GlobalSize'; 'LocalFree'),0,0,0
('GlobalLock'; 'RegCreateKeyExW'),23,6,17
('GetProcAddress'; 'LoadLibraryExW'),35,28,7
('GlobalLock'; 'GlobalSize'),20,3,17
('RegQueryValueW'; 'GlobalLock'),6,5,1
('RegEnumKeyW'; 'RegCloseKey'),0,0,0
('LocalAlloc'; 'GetFullPathNameW'),26,26,0
('GetLongPathNameW'; 'LocalAlloc'),0,0,0
('RegCreateKeyExW'; 'IsBadStringPtrW'),2,1,1
('GlobalFree'; 'GetProcAddress'),8,0,8
('RegOpenKeyExW'; 'RegQueryValueW'),28,10,18
('RegOpenKeyExW'; 'OpenProcess'),23,5,18
('LocalAlloc'; 'RegOpenKeyExA'),40,22,18
('LoadLibraryExW'; 'LocalFree'),12,12,0
('RegSetValueExW'; 'HeapAlloc'),0,0,0
('GetCurrentThreadId'; 'GetFileAttributesW'),25,25,0
('RegCloseKey'; 'GlobalFree'),29,12,17
('HeapAlloc'; 'GetCurrentProcessId'),49,31,18
('GetLongPathNameW'; 'RegOpenKeyExW'),0,0,0
('RegOpenKeyExW'; 'GlobalAlloc'),31,14,17
('RegQueryValueExW'; 'RegQueryValueW'),25,8,17
('RegEnumKeyW'; 'IsBadReadPtr'),6,0,6
('GetCurrentThread'; 'LocalFree'),2,2,0
('LocalAlloc'; 'GetLongPathNameW'),9,9,0
('GlobalLock'; 'HeapAlloc'),0,0,0
('RegQueryValueExW'; 'GlobalAlloc'),31,14,17
('HeapFree'; 'RegQueryValueW'),28,10,18
('HeapFree'; 'OpenProcess'),23,5,18
('RegCreateKeyExW'; 'RegCloseKey'),0,0,0
('RegOpenKeyExA'; 'CreateProcessW'),25,7,18
('LoadLibraryW'; 'RegOpenKeyExA'),32,32,0
('GlobalUnlock'; 'LoadLibraryExW'),16,2,14
('HeapFree'; 'GlobalAlloc'),31,14,17
('LoadLibraryA'; 'LoadLibraryA'),0,0,0
('RegCloseKey'; 'RegOpenKeyExA'),6,5,1
('GetProcAddress'; 'HeapAlloc'),2,2,0
('HeapAlloc'; 'IsBadWritePtr'),46,28,18
('GlobalLock'; 'IsBadStringPtrW'),22,5,17
('LocalFree'; 'RegQueryValueExW'),39,21,18
('RegOpenKeyExW'; 'RegSetValueExW'),35,17,18
('GetCurrentThreadId'; 'LoadLibraryA'),47,34,13
('RegEnumValueW'; 'GetCurrentThread'),15,15,0
('RegOpenKeyExW'; 'GlobalUnlock'),27,10,17
('RegQueryValueExW'; 'RegSetValueExW'),35,17,18
('RegEnumValueW'; 'SetThreadPriority'),20,2,18
('RegQueryValueExW'; 'GlobalUnlock'),27,10,17
('GetFullPathNameW'; 'RegQueryValueExW'),0,0,0
('IsBadWritePtr'; 'RegSetValueExW'),32,15,17
('GetCurrentProcessId'; 'RegOpenKeyExW'),1,1,0
('HeapAlloc'; 'GetCurrentThread'),55,37,18
('LoadLibraryA'; 'LocalAlloc'),5,5,0
('RegOpenKeyExA'; 'RegOpenKeyExW'),25,8,17
('GlobalFree'; 'RegQueryValueW'),2,0,2
('SetThreadPriority'; 'HeapAlloc'),1,1,0
('GlobalFree'; 'OpenProcess'),18,1,17
('RegOpenKeyExW'; 'GlobalFree'),29,12,17
('GetCurrentThreadId'; 'LocalAlloc'),31,31,0
('RegQueryValueW'; 'LoadLibraryExW'),18,2,16
('GlobalFree'; 'GlobalAlloc'),0,0,0
('GlobalUnlock'; 'GetFullPathNameW'),6,6,0
('RegQueryValueExW'; 'GlobalFree'),29,12,17
('RegEnumKeyW'; 'GetCurrentThreadId'),1,0,1
('GetModuleFileNameW'; 'LocalAlloc'),7,7,0
('RegCloseKey'; 'RegCreateKeyExW'),37,19,18
('RegCloseKey'; 'GlobalSize'),20,3,17
('RegSetValueExW'; 'RegEnumKeyW'),6,5,1
('RegQueryValueExW'; 'GetFullPathNameW'),26,26,0
('HeapFree'; 'GlobalFree'),29,12,17
('IsBadWritePtr'; 'GetFullPathNameW'),23,23,0
('RegOpenKeyExW'; 'RegOpenKeyExA'),29,28,1
('GlobalSize'; 'RegQueryValueExW'),0,0,0
('IsBadStringPtrW'; 'GetModuleFileNameW'),17,4,13
('RegQueryValueExW'; 'RegOpenKeyExA'),5,4,1
('GlobalFree'; 'GlobalLock'),0,0,0
('RegOpenKeyExW'; 'GetLongPathNameW'),9,9,0
('LoadLibraryExW'; 'GetProcAddress'),7,2,5
('HeapFree'; 'RegOpenKeyExA'),40,34,6
('IsBadStringPtrW'; 'LoadLibraryExW'),16,1,15
('RegQueryValueExW'; 'GetLongPathNameW'),7,7,0
('GetCurrentThread'; 'GetProcAddress'),17,3,14
('LocalFree'; 'LoadLibraryExW'),34,18,16
('HeapAlloc'; 'CreateProcessW'),25,7,18
('RegEnumKeyW'; 'GetEnvironmentVariableW'),20,2,18
('GlobalReAlloc'; 'LoadLibraryExW'),15,2,13
('RegOpenKeyExA'; 'LocalFree'),32,32,0
('GetFileAttributesW'; 'GetCurrentProcessId'),0,0,0
('RegQueryValueW'; 'HeapAlloc'),0,0,0
('GetEnvironmentVariableW'; 'IsBadReadPtr'),2,2,0
('LocalFree'; 'RegSetValueExW'),35,17,18
('RegCloseKey'; 'IsBadStringPtrW'),44,27,17
('LocalAlloc'; 'RegCloseKey'),49,31,18
('IsBadReadPtr'; 'GetFileAttributesW'),19,19,0
('IsBadReadPtr'; 'SetThreadPriority'),21,3,18
('GlobalFree'; 'GlobalFree'),0,0,0
('RegEnumValueW'; 'RegOpenKeyExW'),0,0,0
('RegEnumKeyW'; 'RegEnumValueW'),26,8,18
('GetFullPathNameW'; 'RegSetValueExW'),4,4,0
('GetEnvironmentVariableW'; 'IsBadWritePtr'),3,2,1
('OpenProcess'; 'SetThreadPriority'),2,0,2
('GetFileAttributesW'; 'IsBadWritePtr'),2,2,0
('GetFullPathNameW'; 'GlobalUnlock'),2,2,0
('GlobalSize'; 'OpenProcess'),18,1,17
('GlobalSize'; 'RegQueryValueW'),0,0,0
('LoadLibraryW'; 'RegCloseKey'),32,32,0
('GlobalUnlock'; 'RegEnumKeyW'),19,3,16
('LocalAlloc'; 'IsBadReadPtr'),42,25,17
('GlobalSize'; 'GlobalAlloc'),0,0,0
('RegCloseKey'; 'RegCloseKey'),0,0,0
('HeapFree'; 'RegCreateKeyExW'),37,19,18
('HeapAlloc'; 'RegOpenKeyExW'),54,36,18
('GlobalFree'; 'RegOpenKeyExA'),0,0,0
('HeapFree'; 'GlobalSize'),20,3,17
('IsBadStringPtrW'; 'HeapAlloc'),0,0,0
('IsBadReadPtr'; 'LoadLibraryA'),14,3,11
('GlobalReAlloc'; 'HeapAlloc'),0,0,0
('LocalFree'; 'GetFullPathNameW'),26,26,0
('RegSetValueExW'; 'GetCurrentProcessId'),4,2,2
('IsBadWritePtr'; 'RegEnumKeyW'),17,11,6
('GetFileAttributesW'; 'GetCurrentThread'),0,0,0
('GetFullPathNameW'; 'GetFullPathNameW'),0,0,0
('OpenProcess'; 'LoadLibraryA'),2,2,0
('GetCurrentThread'; 'RegQueryValueW'),25,8,17
('GetCurrentThread'; 'OpenProcess'),23,5,18
('GlobalAlloc'; 'GetCurrentThread'),5,5,0
('GlobalSize'; 'GlobalUnlock'),1,1,0
('GetEnvironmentVariableW'; 'GetCurrentThreadId'),1,1,0
('GetCurrentThread'; 'GlobalAlloc'),27,10,17
('GlobalAlloc'; 'SetThreadPriority'),20,3,17
('GetProcAddress'; 'GetCurrentProcessId'),36,31,5
('GetCurrentThreadId'; 'GlobalReAlloc'),23,6,17
('RegQueryValueW'; 'RegEnumKeyW'),16,3,13
('GlobalFree'; 'RegCreateKeyExW'),19,2,17
('GlobalFree'; 'GlobalSize'),2,0,2
('HeapFree'; 'IsBadStringPtrW'),46,28,18
('HeapAlloc'; 'LocalFree'),54,36,18
('OpenProcess'; 'LocalAlloc'),0,0,0
('GlobalSize'; 'GlobalFree'),18,3,15
('IsBadReadPtr'; 'RegOpenKeyExW'),14,2,12
('LoadLibraryA'; 'HeapFree'),2,2,0
('RegOpenKeyExW'; 'RegCloseKey'),34,34,0
('LocalAlloc'; 'GetCurrentThreadId'),22,4,18
('GetProcAddress'; 'IsBadWritePtr'),29,26,3
('RegSetValueExW'; 'GetCurrentThread'),3,2,1
('GetCurrentProcessId'; 'RegQueryValueExW'),5,5,0
('GetCurrentThread'; 'GlobalUnlock'),23,6,17
('RegQueryValueExW'; 'RegCloseKey'),30,13,17
('GetCurrentThreadId'; 'HeapFree'),6,5,1
('GetFileAttributesW'; 'GetEnvironmentVariableW'),6,6,0
('GetFileAttributesW'; 'CreateProcessW'),7,7,0
('RegOpenKeyExA'; 'RegQueryValueExW'),46,29,17
('GetModuleFileNameW'; 'HeapFree'),0,0,0
('GlobalLock'; 'GetCurrentThread'),4,4,0
('HeapFree'; 'RegCloseKey'),52,35,17
('GlobalSize'; 'RegOpenKeyExA'),0,0,0
('LoadLibraryExW'; 'GlobalFree'),12,10,2
('IsBadStringPtrW'; 'RegEnumKeyW'),11,10,1
('GlobalUnlock'; 'GetCurrentProcessId'),17,5,12
('RegCreateKeyExW'; 'LoadLibraryA'),2,2,0
('GlobalUnlock'; 'IsBadReadPtr'),10,4,6
('GlobalLock'; 'SetThreadPriority'),19,2,17
('LocalFree'; 'RegEnumKeyW'),29,11,18
('GetCurrentThreadId'; 'GlobalLock'),11,10,1
('GlobalReAlloc'; 'RegEnumKeyW'),3,3,0
('GetProcAddress'; 'GetCurrentThread'),34,34,0
('GetCurrentThread'; 'GlobalFree'),29,12,17
('GlobalSize'; 'GetLongPathNameW'),2,2,0
('GlobalFree'; 'IsBadStringPtrW'),4,1,3
('SetThreadPriority'; 'IsBadWritePtr'),1,1,0
('IsBadWritePtr'; 'IsBadReadPtr'),6,6,0
('LoadLibraryExW'; 'RegOpenKeyExA'),1,1,0
('GlobalUnlock'; 'IsBadWritePtr'),15,3,12
('GetCurrentThread'; 'RegOpenKeyExA'),0,0,0
('RegCreateKeyExW'; 'LocalAlloc'),0,0,0
('RegSetValueExW'; 'CreateProcessW'),19,7,12
('IsBadWritePtr'; 'IsBadWritePtr'),0,0,0
('LocalAlloc'; 'RegEnumValueW'),46,28,18
('GlobalAlloc'; 'RegOpenKeyExW'),1,1,0
('GlobalFree'; 'RegCloseKey'),0,0,0
('GetCurrentThread'; 'GetLongPathNameW'),9,9,0
('SetThreadPriority'; 'GetCurrentThread'),1,1,0
('RegQueryValueW'; 'GetCurrentProcessId'),17,2,15
('RegOpenKeyExA'; 'RegQueryValueW'),25,8,17
('RegOpenKeyExA'; 'GlobalAlloc'),31,14,17
('CreateProcessW'; 'GetCurrentProcessId'),1,0,1
('GetLongPathNameW'; 'HeapAlloc'),0,0,0
('RegEnumValueW'; 'RegQueryValueExW'),9,9,0
('CreateProcessW'; 'IsBadReadPtr'),0,0,0
('GetCurrentProcessId'; 'LoadLibraryExW'),24,10,14
('GlobalUnlock'; 'GetCurrentThreadId'),0,0,0
('LoadLibraryExW'; 'RegCreateKeyExW'),25,17,8
('RegEnumKeyW'; 'GetProcAddress'),12,2,10
('GetCurrentProcessId'; 'RegSetValueExW'),31,15,16
('RegSetValueExW'; 'RegOpenKeyExW'),0,0,0
('GetEnvironmentVariableW'; 'LocalFree'),0,0,0
('GetCurrentThreadId'; 'GetModuleFileNameW'),46,33,13
('RegOpenKeyExA'; 'RegSetValueExW'),35,17,18
('HeapAlloc'; 'RegQueryValueExW'),51,33,18
('GetFileAttributesW'; 'LocalFree'),0,0,0
('CreateProcessW'; 'IsBadWritePtr'),0,0,0
('IsBadStringPtrW'; 'GetCurrentProcessId'),27,15,12
('LoadLibraryA'; 'LoadLibraryExW'),39,25,14
('RegOpenKeyExA'; 'GlobalUnlock'),27,10,17
('IsBadWritePtr'; 'GetCurrentThreadId'),8,2,6
('LocalFree'; 'GetCurrentProcessId'),34,16,18
('GlobalReAlloc'; 'GetCurrentProcessId'),9,5,4
('GlobalLock'; 'RegOpenKeyExW'),0,0,0
('LocalFree'; 'IsBadReadPtr'),23,14,9
('GlobalSize'; 'IsBadStringPtrW'),2,1,1
('RegQueryValueW'; 'GetCurrentThread'),3,2,1
('RegCloseKey'; 'SetThreadPriority'),22,4,18
('RegCloseKey'; 'GetFileAttributesW'),25,25,0
('GlobalUnlock'; 'GetEnvironmentVariableW'),23,6,17
('GlobalUnlock'; 'CreateProcessW'),20,3,17
('GetCurrentThreadId'; 'RegCreateKeyExW'),36,19,17
('GetFullPathNameW'; 'IsBadReadPtr'),1,1,0
('GetCurrentThreadId'; 'GlobalSize'),20,3,17
('CreateProcessW'; 'GetCurrentThread'),0,0,0
('IsBadStringPtrW'; 'IsBadWritePtr'),19,19,0
('GetCurrentProcessId'; 'GetFullPathNameW'),24,24,0
('LocalFree'; 'IsBadWritePtr'),27,12,15
('GlobalReAlloc'; 'IsBadWritePtr'),4,3,1
('LoadLibraryExW'; 'IsBadStringPtrW'),28,27,1
('RegOpenKeyExA'; 'GetFullPathNameW'),25,25,0
('IsBadWritePtr'; 'GetEnvironmentVariableW'),31,14,17
('GlobalSize'; 'RegCloseKey'),0,0,0
('GetFullPathNameW'; 'IsBadWritePtr'),1,1,0
('OpenProcess'; 'HeapFree'),0,0,0
('CreateProcessW'; 'GetCurrentThreadId'),0,0,0
('GetCurrentThread'; 'IsBadStringPtrW'),22,5,17
('RegOpenKeyExW'; 'RegEnumValueW'),46,28,18
('LoadLibraryA'; 'HeapAlloc'),2,2,0
('RegCloseKey'; 'LoadLibraryA'),46,29,17
('HeapAlloc'; 'RegQueryValueW'),28,10,18
('RegQueryValueExW'; 'RegEnumValueW'),37,19,18
('RegEnumKeyW'; 'OpenProcess'),19,1,18
('IsBadStringPtrW'; 'GetCurrentThread'),24,23,1
('RegEnumValueW'; 'LoadLibraryExW'),24,10,14
('GlobalReAlloc'; 'GetCurrentThread'),4,4,0
('GetCurrentThreadId'; 'HeapAlloc'),1,1,0
('HeapAlloc'; 'GlobalAlloc'),32,15,17
('IsBadWritePtr'; 'RegEnumValueW'),33,16,17
('RegOpenKeyExA'; 'GetLongPathNameW'),9,9,0
('LoadLibraryExW'; 'RegCloseKey'),4,4,0
('GetModuleFileNameW'; 'HeapAlloc'),0,0,0
('RegEnumValueW'; 'RegSetValueExW'),24,8,16
('RegEnumKeyW'; 'HeapFree'),0,0,0
('RegQueryValueW'; 'CreateProcessW'),24,6,18
('GetProcAddress'; 'LocalFree'),33,33,0
('LocalFree'; 'GetCurrentThreadId'),21,3,18
('GetCurrentThreadId'; 'IsBadStringPtrW'),44,27,17
('RegOpenKeyExW'; 'GetFileAttributesW'),25,25,0
